x[mm] y[mm] z[mm] upward_tri [bool]
154.447 89.170 1.440 1
116.703 110.965 1.174 0
154.450 45.586 1.174 0
192.179 110.955 2.229 0
77.231 44.589 0.360 0
114.978 22.794 0.622 1
77.229 88.177 0.622 1
39.482 22.795 0.094 1
231.602 222.859 4.677 1
193.872 244.651 4.412 0
231.619 179.299 3.884 0
269.305 244.616 5.993 0
154.432 178.322 2.519 0
192.169 156.528 2.781 1
154.420 221.887 3.309 1
116.698 156.543 1.726 1
308.652 356.401 10.067 1
270.942 378.185 9.802 0
308.689 312.887 8.748 0
346.311 378.113 11.907 0
231.557 311.942 6.834 0
269.278 290.153 7.096 1
231.529 355.464 8.149 1
193.852 290.194 5.515 1
308.562 445.370 13.297 0
346.259 423.591 13.558 1
308.510 488.827 15.135 1
270.901 423.672 11.453 1
308.803 89.144 4.677 1
271.087 110.938 3.884 0
308.810 45.572 4.412 0
346.496 110.917 5.993 0
231.647 44.581 2.519 0
269.370 22.788 3.309 1
231.642 88.160 2.781 1
193.919 22.792 1.726 1
385.853 222.772 8.990 1
348.157 244.568 8.198 0
385.880 179.229 8.198 0
423.502 244.509 10.830 0
308.773 178.270 5.756 0
346.479 156.475 6.544 1
308.750 221.822 6.544 1
271.074 156.504 4.436 1
462.752 356.227 15.448 1
425.084 378.019 14.658 0
462.807 312.734 14.132 0
385.777 311.820 11.144 0
423.460 290.026 11.931 1
385.731 355.325 12.457 1
348.123 290.095 9.299 1
462.978 89.100 10.067 1
425.312 110.889 8.748 0
462.989 45.550 9.802 0
500.611 110.857 11.907 0
385.928 44.563 6.834 0
423.605 22.778 8.149 1
385.919 88.125 7.096 1
348.242 22.784 5.515 1
539.877 222.642 15.448 1
502.239 244.436 14.132 0
539.916 179.124 14.658 0
462.933 178.183 11.144 0
500.586 156.391 12.457 1
462.900 221.714 11.931 1
425.291 156.435 9.299 1
502.189 289.939 15.232 1
579.288 110.819 15.758 0
539.983 44.537 13.297 0
539.970 88.074 13.558 1
502.361 22.772 11.453 1
579.260 156.336 16.307 1
162.696 93.933 -588.483 1
122.937 116.892 -588.763 0
162.700 48.020 -588.763 0
202.444 116.881 -587.652 0
81.356 46.971 -589.621 0
121.119 24.011 -589.345 1
81.354 92.887 -589.345 1
41.591 24.013 -589.901 1
243.973 234.763 -585.073 1
204.227 257.719 -585.353 0
243.991 188.877 -585.908 0
283.690 257.683 -583.687 0
162.680 187.847 -587.346 0
202.434 164.889 -587.070 1
162.669 233.740 -586.515 1
122.931 164.905 -588.182 1
325.139 375.438 -579.395 1
285.414 398.386 -579.675 0
325.177 329.599 -580.784 0
364.809 398.310 -577.457 0
243.925 328.604 -582.801 0
283.661 305.651 -582.525 1
243.896 374.451 -581.415 1
204.207 305.695 -584.191 1
325.043 469.160 -575.993 0
364.754 446.217 -575.718 1
324.989 514.938 -574.056 1
285.371 446.302 -577.935 1
325.297 93.905 -585.073 1
285.567 116.864 -585.908 0
325.305 48.006 -585.353 0
365.004 116.841 -583.687 0
244.021 46.962 -587.346 0
283.759 24.006 -586.515 1
244.015 92.869 -587.070 1
204.277 24.009 -588.182 1
406.463 234.671 -580.530 1
366.754 257.631 -581.365 0
406.492 188.803 -581.365 0
446.124 257.570 -578.591 0
325.266 187.792 -583.937 0
364.986 164.833 -583.106 1
325.242 233.671 -583.106 1
285.553 164.864 -585.327 1
487.470 375.255 -573.726 1
447.790 398.211 -574.559 0
487.528 329.439 -575.113 0
406.384 328.476 -578.261 0
446.079 305.517 -577.431 1
406.335 374.305 -576.877 1
366.717 305.590 -580.204 1
487.708 93.859 -579.395 1
448.030 116.812 -580.784 0
487.720 47.983 -579.675 0
527.351 116.779 -577.457 0
406.542 46.944 -582.801 0
446.232 23.995 -581.415 1
406.533 92.832 -582.525 1
366.843 24.001 -584.191 1
568.715 234.534 -573.726 1
529.066 257.493 -575.113 0
568.756 188.692 -574.559 0
487.660 187.701 -578.261 0
527.325 164.744 -576.877 1
487.625 233.557 -577.431 1
448.008 164.791 -580.204 1
529.014 305.426 -573.955 1
610.231 116.738 -573.401 0
568.826 46.916 -575.993 0
568.812 92.778 -575.718 1
529.195 23.988 -577.935 1
610.201 164.687 -572.822 1
