x[mm] y[mm] z[mm] upward_tri [bool]
154.447 89.170 -11044.160 1
116.703 110.965 -11044.426 0
154.450 45.586 -11044.426 0
192.179 110.955 -11043.371 0
77.231 44.589 -11045.240 0
114.978 22.794 -11044.978 1
77.229 88.177 -11044.978 1
39.482 22.795 -11045.506 1
231.602 222.859 -11040.923 1
193.872 244.651 -11041.188 0
231.619 179.299 -11041.716 0
269.305 244.616 -11039.607 0
154.432 178.322 -11043.081 0
192.169 156.528 -11042.819 1
154.420 221.887 -11042.291 1
116.698 156.543 -11043.874 1
308.652 356.401 -11035.533 1
270.942 378.185 -11035.798 0
308.689 312.887 -11036.852 0
346.311 378.113 -11033.693 0
231.557 311.942 -11038.766 0
269.278 290.153 -11038.504 1
231.529 355.464 -11037.451 1
193.852 290.194 -11040.085 1
308.562 445.370 -11032.303 0
346.259 423.591 -11032.042 1
308.510 488.827 -11030.465 1
270.901 423.672 -11034.147 1
308.803 89.144 -11040.923 1
271.087 110.938 -11041.716 0
308.810 45.572 -11041.188 0
346.496 110.917 -11039.607 0
231.647 44.581 -11043.081 0
269.370 22.788 -11042.291 1
231.642 88.160 -11042.819 1
193.919 22.792 -11043.874 1
385.853 222.772 -11036.610 1
348.157 244.568 -11037.402 0
385.880 179.229 -11037.402 0
423.502 244.509 -11034.770 0
308.773 178.270 -11039.844 0
346.479 156.475 -11039.056 1
308.750 221.822 -11039.056 1
271.074 156.504 -11041.164 1
462.752 356.227 -11030.152 1
425.084 378.019 -11030.942 0
462.807 312.734 -11031.468 0
385.777 311.820 -11034.456 0
423.460 290.026 -11033.669 1
385.731 355.325 -11033.143 1
348.123 290.095 -11036.301 1
462.978 89.100 -11035.533 1
425.312 110.889 -11036.852 0
462.989 45.550 -11035.798 0
500.611 110.857 -11033.693 0
385.928 44.563 -11038.766 0
423.605 22.778 -11037.451 1
385.919 88.125 -11038.504 1
348.242 22.784 -11040.085 1
539.877 222.642 -11030.152 1
502.239 244.436 -11031.468 0
539.916 179.124 -11030.942 0
462.933 178.183 -11034.456 0
500.586 156.391 -11033.143 1
462.900 221.714 -11033.669 1
425.291 156.435 -11036.301 1
502.189 289.939 -11030.368 1
579.288 110.819 -11029.842 0
539.983 44.537 -11032.303 0
539.970 88.074 -11032.042 1
502.361 22.772 -11034.147 1
579.260 156.336 -11029.293 1
