x[mm] y[mm] z[mm] upward_tri [bool]
162.696 93.933 -11634.083 1
122.937 116.892 -11634.363 0
162.700 48.020 -11634.363 0
202.444 116.881 -11633.252 0
81.356 46.971 -11635.221 0
121.119 24.011 -11634.945 1
81.354 92.887 -11634.945 1
41.591 24.013 -11635.501 1
243.973 234.763 -11630.673 1
204.227 257.719 -11630.953 0
243.991 188.877 -11631.508 0
283.690 257.683 -11629.287 0
162.680 187.847 -11632.946 0
202.434 164.889 -11632.670 1
162.669 233.740 -11632.115 1
122.931 164.905 -11633.782 1
325.139 375.438 -11624.995 1
285.414 398.386 -11625.275 0
325.177 329.599 -11626.384 0
364.809 398.310 -11623.057 0
243.925 328.604 -11628.401 0
283.661 305.651 -11628.125 1
243.896 374.451 -11627.015 1
204.207 305.695 -11629.791 1
325.043 469.160 -11621.593 0
364.754 446.217 -11621.318 1
324.989 514.938 -11619.656 1
285.371 446.302 -11623.535 1
325.297 93.905 -11630.673 1
285.567 116.864 -11631.508 0
325.305 48.006 -11630.953 0
365.004 116.841 -11629.287 0
244.021 46.962 -11632.946 0
283.759 24.006 -11632.115 1
244.015 92.869 -11632.670 1
204.277 24.009 -11633.782 1
406.463 234.671 -11626.130 1
366.754 257.631 -11626.965 0
406.492 188.803 -11626.965 0
446.124 257.570 -11624.191 0
325.266 187.792 -11629.537 0
364.986 164.833 -11628.706 1
325.242 233.671 -11628.706 1
285.553 164.864 -11630.927 1
487.470 375.255 -11619.326 1
447.790 398.211 -11620.159 0
487.528 329.439 -11620.713 0
406.384 328.476 -11623.861 0
446.079 305.517 -11623.031 1
406.335 374.305 -11622.477 1
366.717 305.590 -11625.804 1
487.708 93.859 -11624.995 1
448.030 116.812 -11626.384 0
487.720 47.983 -11625.275 0
527.351 116.779 -11623.057 0
406.542 46.944 -11628.401 0
446.232 23.995 -11627.015 1
406.533 92.832 -11628.125 1
366.843 24.001 -11629.791 1
568.715 234.534 -11619.326 1
529.066 257.493 -11620.713 0
568.756 188.692 -11620.159 0
487.660 187.701 -11623.861 0
527.325 164.744 -11622.477 1
487.625 233.557 -11623.031 1
448.008 164.791 -11625.804 1
529.014 305.426 -11619.555 1
610.231 116.738 -11619.001 0
568.826 46.916 -11621.593 0
568.812 92.778 -11621.318 1
529.195 23.988 -11623.535 1
610.201 164.687 -11618.422 1
