x[mm] y[mm] z[mm] upward_tri [bool]
163.049 94.136 -11510.171 1
123.204 117.146 -11510.456 0
163.053 48.125 -11510.456 0
202.883 117.134 -11509.327 0
81.533 47.073 -11511.326 0
121.382 24.064 -11511.046 1
81.531 93.088 -11511.046 1
41.681 24.065 -11511.610 1
244.500 235.270 -11506.709 1
204.669 258.276 -11506.993 0
244.518 189.285 -11507.557 0
284.302 258.239 -11505.302 0
163.033 188.254 -11509.017 0
202.872 165.246 -11508.737 1
163.021 234.245 -11508.173 1
123.197 165.262 -11509.865 1
325.837 376.244 -11500.946 1
286.027 399.242 -11501.230 0
325.877 330.308 -11502.356 0
365.591 399.164 -11498.978 0
244.451 329.313 -11504.403 0
284.273 306.310 -11504.123 1
244.421 375.257 -11502.997 1
204.648 306.355 -11505.814 1
326.000 94.108 -11506.709 1
286.185 117.116 -11507.557 0
326.008 48.110 -11506.993 0
365.792 117.094 -11505.302 0
244.549 47.064 -11509.017 0
284.373 24.058 -11508.173 1
244.543 93.070 -11508.737 1
204.720 24.061 -11509.865 1
407.337 235.176 -11502.098 1
367.544 258.186 -11502.945 0
407.367 189.209 -11502.945 0
447.081 258.122 -11500.130 0
325.968 188.198 -11505.556 0
365.773 165.188 -11504.713 1
325.944 234.175 -11504.713 1
286.170 165.220 -11506.967 1
407.255 329.181 -11499.794 0
447.035 306.172 -11498.952 1
407.206 375.106 -11498.390 1
367.506 306.247 -11501.767 1
488.755 94.061 -11500.946 1
448.994 117.064 -11502.356 0
488.768 48.086 -11501.230 0
528.482 117.029 -11498.978 0
407.419 47.045 -11504.403 0
447.193 24.047 -11502.997 1
407.409 93.032 -11504.123 1
367.635 24.053 -11505.814 1
488.707 188.103 -11499.794 0
528.455 165.097 -11498.390 1
488.671 234.058 -11498.952 1
448.971 165.146 -11501.767 1
