x[mm] y[mm] z[mm] upward_tri [bool]
154.693 89.312 -10920.250 1
116.889 111.142 -10920.520 0
154.696 45.658 -10920.520 0
192.485 111.131 -10919.449 0
77.354 44.660 -10921.346 0
115.161 22.830 -10921.080 1
77.352 88.317 -10921.080 1
39.545 22.831 -10921.616 1
231.969 223.212 -10916.966 1
194.179 245.039 -10917.235 0
231.986 179.584 -10917.770 0
269.731 245.003 -10915.631 0
154.677 178.606 -10919.155 0
192.475 156.777 -10918.889 1
154.666 222.240 -10918.354 1
116.883 156.792 -10919.960 1
309.137 356.961 -10911.498 1
271.368 378.780 -10911.767 0
309.175 313.379 -10912.835 0
346.854 378.706 -10909.631 0
231.923 312.435 -10914.777 0
269.703 290.611 -10914.512 1
231.894 356.024 -10913.443 1
194.159 290.654 -10916.116 1
309.292 89.285 -10916.966 1
271.517 111.114 -10917.770 0
309.300 45.644 -10917.235 0
347.044 111.092 -10915.631 0
232.016 44.651 -10919.155 0
269.798 22.825 -10918.354 1
232.010 88.300 -10918.889 1
194.227 22.828 -10919.960 1
386.460 223.123 -10912.591 1
348.706 244.953 -10913.394 0
386.489 179.512 -10913.394 0
424.167 244.893 -10910.723 0
309.261 178.552 -10915.871 0
347.027 156.722 -10915.071 1
309.238 222.173 -10915.071 1
271.503 156.753 -10917.211 1
386.383 312.310 -10910.405 0
424.124 290.480 -10909.606 1
386.336 355.881 -10909.073 1
348.670 290.552 -10912.277 1
463.706 89.240 -10911.498 1
425.982 111.064 -10912.835 0
463.717 45.622 -10911.767 0
501.396 111.031 -10909.631 0
386.538 44.634 -10914.777 0
424.273 22.814 -10913.443 1
386.528 88.264 -10914.512 1
348.793 22.820 -10916.116 1
463.659 178.463 -10910.405 0
501.370 156.636 -10909.073 1
463.625 222.062 -10909.606 1
425.960 156.682 -10912.277 1
