x[mm] y[mm] z[mm] upward_tri [bool]
156.521 90.367 1.475 1
118.258 112.461 1.202 0
156.523 46.184 1.202 0
194.781 112.457 2.286 0
78.263 45.186 0.368 0
116.528 23.092 0.637 1
78.263 89.370 0.637 1
39.998 23.093 0.096 1
234.758 225.896 4.804 1
196.499 247.988 4.531 0
234.764 181.721 3.988 0
273.007 247.976 6.160 0
156.516 180.729 2.584 0
194.777 158.637 2.853 1
156.512 224.906 3.396 1
118.256 158.642 1.769 1
312.959 361.373 10.351 1
274.707 383.463 10.079 0
312.971 317.214 8.996 0
351.193 383.438 12.237 0
234.742 316.234 7.026 0
272.998 294.143 7.296 1
234.733 360.395 8.381 1
196.493 294.157 5.666 1
391.131 452.639 16.149 0
312.928 451.673 13.654 0
351.175 429.585 13.920 1
274.693 429.613 11.772 1
313.011 90.358 4.804 1
274.757 112.451 3.988 0
313.014 46.180 4.531 0
351.257 112.444 6.160 0
234.774 45.183 2.584 0
273.030 23.091 3.396 1
234.772 89.364 2.853 1
196.516 23.092 1.769 1
391.211 225.866 9.245 1
352.965 247.959 8.430 0
391.221 181.697 8.430 0
429.442 247.939 11.135 0
313.000 180.711 5.915 0
351.251 158.618 6.728 1
312.993 224.883 6.728 1
274.753 158.628 4.555 1
469.362 361.315 15.837 1
431.124 383.406 15.037 0
469.380 317.162 14.503 0
391.185 316.192 11.455 0
429.428 294.099 12.261 1
391.170 360.347 12.799 1
352.952 294.123 9.562 1
431.103 429.550 16.703 1
469.438 90.343 10.351 1
431.201 112.434 8.996 0
469.442 46.172 10.079 0
507.663 112.423 12.237 0
391.237 45.176 7.026 0
429.478 23.087 8.381 1
391.234 89.352 7.296 1
352.994 23.089 5.666 1
547.588 225.822 15.837 1
509.361 247.914 14.503 0
547.601 181.661 15.037 0
469.422 180.681 11.455 0
507.655 158.589 12.799 1
469.411 224.846 12.261 1
431.194 158.604 9.562 1
509.344 294.070 15.618 1
587.562 112.410 16.149 0
547.624 45.167 13.654 0
547.619 89.334 13.920 1
509.402 23.085 11.772 1
587.553 158.571 16.703 1
