#Listing of surface sag

#File : D:\Beast\Lampton\LamptonChiefRayADC_3_newAngles_240_ADC25_FP50_f36_1cr_4con.zmx
#Title: 
#Date : 10/16/2023
#Configuration 1 of 3

#Units are Millimeters.
#Slope units are dimensionless.
#Clear Semi-Diameter of surface 22:   4.084421E+02.
#Algorithm assumes +z goes from air to glass.

#Method: Minimum Volume Removal
#Best Fit Sphere Radius        : 	 -1.277364E+04
#Best Fit Sphere Vertex Offset : 	 -4.512461E-02
#Maximum Depth to Remove       : 	  4.512461E-02
#RMS of Depth to Remove        : 	  1.879436E-02
#Maximum Slope Deviation       : 	  2.902025E-03
#RMS Slope Deviation           : 	  6.594154E-04
#Volume To Remove              : 	  7.887209E+03	 cubic Millimeters

       Y-coord 	        Sag 	        BFS Sag 	        Deviation 	        Remove 	              Slope 	        BFS Slope 	       Slope Delta
  0.000000E+00 	   0.000000E+00 	  -0.000000E+00 	   0.000000E+00 	   4.512461E-02 	   1.757860E-06 	   1.598770E-06 	   1.590899E-07
  1.000000E+00 	  -4.303806E-05 	  -3.914312E-05 	  -3.894934E-06 	   4.512071E-02 	  -8.431806E-05 	  -7.668748E-05 	   7.630589E-06
  2.000000E+00 	  -1.721509E-04 	  -1.565725E-04 	  -1.557845E-05 	   4.510903E-02 	  -1.703915E-04 	  -1.549737E-04 	   1.541775E-05
  3.000000E+00 	  -3.873348E-04 	  -3.522881E-04 	  -3.504669E-05 	   4.508956E-02 	  -2.564598E-04 	  -2.332600E-04 	   2.319982E-05
  4.000000E+00 	  -6.885832E-04 	  -6.262900E-04 	  -6.229322E-05 	   4.506231E-02 	  -3.425205E-04 	  -3.115462E-04 	   3.097423E-05
  5.000000E+00 	  -1.075887E-03 	  -9.785781E-04 	  -9.730906E-05 	   4.502730E-02 	  -4.285709E-04 	  -3.898325E-04 	   3.873840E-05
  6.000000E+00 	  -1.549235E-03 	  -1.409152E-03 	  -1.400826E-04 	   4.498453E-02 	  -5.146085E-04 	  -4.681188E-04 	   4.648979E-05
  7.000000E+00 	  -2.108613E-03 	  -1.918013E-03 	  -1.905998E-04 	   4.493401E-02 	  -6.006308E-04 	  -5.464050E-04 	   5.422582E-05
  8.000000E+00 	  -2.754004E-03 	  -2.505160E-03 	  -2.488439E-04 	   4.487576E-02 	  -6.866353E-04 	  -6.246913E-04 	   6.194394E-05
  9.000000E+00 	  -3.485389E-03 	  -3.170593E-03 	  -3.147957E-04 	   4.480981E-02 	  -7.726192E-04 	  -7.029776E-04 	   6.964159E-05
  1.000000E+01 	  -4.302746E-03 	  -3.914313E-03 	  -3.884333E-04 	   4.473617E-02 	  -8.585802E-04 	  -7.812639E-04 	   7.731624E-05
  1.100000E+01 	  -5.206051E-03 	  -4.736319E-03 	  -4.697326E-04 	   4.465488E-02 	  -9.445156E-04 	  -8.595502E-04 	   8.496533E-05
  1.200000E+01 	  -6.195277E-03 	  -5.636611E-03 	  -5.586665E-04 	   4.456594E-02 	  -1.030423E-03 	  -9.378366E-04 	   9.258634E-05
  1.300000E+01 	  -7.270395E-03 	  -6.615189E-03 	  -6.552057E-04 	   4.446940E-02 	  -1.116300E-03 	  -1.016123E-03 	   1.001767E-04
  1.400000E+01 	  -8.431373E-03 	  -7.672054E-03 	  -7.593183E-04 	   4.436529E-02 	  -1.202143E-03 	  -1.094409E-03 	   1.077340E-04
  1.500000E+01 	  -9.678175E-03 	  -8.807206E-03 	  -8.709698E-04 	   4.425364E-02 	  -1.287951E-03 	  -1.172696E-03 	   1.152557E-04
  1.600000E+01 	  -1.101077E-02 	  -1.002064E-02 	  -9.901233E-04 	   4.413448E-02 	  -1.373721E-03 	  -1.250982E-03 	   1.227392E-04
  1.700000E+01 	  -1.242911E-02 	  -1.131237E-02 	  -1.116739E-03 	   4.400787E-02 	  -1.459451E-03 	  -1.329269E-03 	   1.301821E-04
  1.800000E+01 	  -1.393315E-02 	  -1.268238E-02 	  -1.250776E-03 	   4.387383E-02 	  -1.545137E-03 	  -1.407555E-03 	   1.375819E-04
  1.900000E+01 	  -1.552286E-02 	  -1.413068E-02 	  -1.392189E-03 	   4.373242E-02 	  -1.630778E-03 	  -1.485842E-03 	   1.449362E-04
  2.000000E+01 	  -1.719819E-02 	  -1.565726E-02 	  -1.540932E-03 	   4.358368E-02 	  -1.716370E-03 	  -1.564128E-03 	   1.522424E-04
  2.100000E+01 	  -1.895908E-02 	  -1.726213E-02 	  -1.696955E-03 	   4.342765E-02 	  -1.801913E-03 	  -1.642415E-03 	   1.594983E-04
  2.200000E+01 	  -2.080549E-02 	  -1.894529E-02 	  -1.860206E-03 	   4.326440E-02 	  -1.887402E-03 	  -1.720701E-03 	   1.667012E-04
  2.300000E+01 	  -2.273736E-02 	  -2.070673E-02 	  -2.030632E-03 	   4.309398E-02 	  -1.972837E-03 	  -1.798988E-03 	   1.738489E-04
  2.400000E+01 	  -2.475463E-02 	  -2.254646E-02 	  -2.208176E-03 	   4.291643E-02 	  -2.058213E-03 	  -1.877274E-03 	   1.809389E-04
  2.500000E+01 	  -2.685725E-02 	  -2.446448E-02 	  -2.392778E-03 	   4.273183E-02 	  -2.143530E-03 	  -1.955561E-03 	   1.879689E-04
  2.600000E+01 	  -2.904516E-02 	  -2.646078E-02 	  -2.584378E-03 	   4.254023E-02 	  -2.228784E-03 	  -2.033848E-03 	   1.949365E-04
  2.700000E+01 	  -3.131828E-02 	  -2.853537E-02 	  -2.782913E-03 	   4.234169E-02 	  -2.313974E-03 	  -2.112135E-03 	   2.018394E-04
  2.800000E+01 	  -3.367656E-02 	  -3.068824E-02 	  -2.988315E-03 	   4.213629E-02 	  -2.399097E-03 	  -2.190421E-03 	   2.086752E-04
  2.900000E+01 	  -3.611993E-02 	  -3.291941E-02 	  -3.200518E-03 	   4.192409E-02 	  -2.484150E-03 	  -2.268708E-03 	   2.154417E-04
  3.000000E+01 	  -3.864831E-02 	  -3.522886E-02 	  -3.419450E-03 	   4.170516E-02 	  -2.569131E-03 	  -2.346995E-03 	   2.221364E-04
  3.100000E+01 	  -4.126163E-02 	  -3.761660E-02 	  -3.645038E-03 	   4.147957E-02 	  -2.654039E-03 	  -2.425282E-03 	   2.287573E-04
  3.200000E+01 	  -4.395983E-02 	  -4.008262E-02 	  -3.877208E-03 	   4.124740E-02 	  -2.738871E-03 	  -2.503569E-03 	   2.353021E-04
  3.300000E+01 	  -4.674281E-02 	  -4.262693E-02 	  -4.115882E-03 	   4.100873E-02 	  -2.823624E-03 	  -2.581856E-03 	   2.417684E-04
  3.400000E+01 	  -4.961051E-02 	  -4.524953E-02 	  -4.360980E-03 	   4.076363E-02 	  -2.908297E-03 	  -2.660143E-03 	   2.481542E-04
  3.500000E+01 	  -5.256284E-02 	  -4.795042E-02 	  -4.612422E-03 	   4.051219E-02 	  -2.992887E-03 	  -2.738430E-03 	   2.544573E-04
  3.600000E+01 	  -5.559971E-02 	  -5.072959E-02 	  -4.870122E-03 	   4.025449E-02 	  -3.077393E-03 	  -2.816717E-03 	   2.606754E-04
  3.700000E+01 	  -5.872104E-02 	  -5.358705E-02 	  -5.133996E-03 	   3.999061E-02 	  -3.161811E-03 	  -2.895004E-03 	   2.668065E-04
  3.800000E+01 	  -6.192675E-02 	  -5.652279E-02 	  -5.403954E-03 	   3.972065E-02 	  -3.246140E-03 	  -2.973292E-03 	   2.728485E-04
  3.900000E+01 	  -6.521674E-02 	  -5.953683E-02 	  -5.679907E-03 	   3.944470E-02 	  -3.330378E-03 	  -3.051579E-03 	   2.787993E-04
  4.000000E+01 	  -6.859091E-02 	  -6.262915E-02 	  -5.961763E-03 	   3.916285E-02 	  -3.414523E-03 	  -3.129866E-03 	   2.846568E-04
  4.100000E+01 	  -7.204918E-02 	  -6.579976E-02 	  -6.249426E-03 	   3.887518E-02 	  -3.498573E-03 	  -3.208154E-03 	   2.904190E-04
  4.200000E+01 	  -7.559146E-02 	  -6.904865E-02 	  -6.542802E-03 	   3.858181E-02 	  -3.582525E-03 	  -3.286441E-03 	   2.960840E-04
  4.300000E+01 	  -7.921763E-02 	  -7.237584E-02 	  -6.841791E-03 	   3.828282E-02 	  -3.666378E-03 	  -3.364729E-03 	   3.016497E-04
  4.400000E+01 	  -8.292760E-02 	  -7.578131E-02 	  -7.146293E-03 	   3.797832E-02 	  -3.750131E-03 	  -3.443016E-03 	   3.071142E-04
  4.500000E+01 	  -8.672127E-02 	  -7.926507E-02 	  -7.456206E-03 	   3.766840E-02 	  -3.833780E-03 	  -3.521304E-03 	   3.124756E-04
  4.600000E+01 	  -9.059854E-02 	  -8.282712E-02 	  -7.771426E-03 	   3.735318E-02 	  -3.917324E-03 	  -3.599592E-03 	   3.177320E-04
  4.700000E+01 	  -9.455930E-02 	  -8.646745E-02 	  -8.091847E-03 	   3.703276E-02 	  -4.000761E-03 	  -3.677880E-03 	   3.228817E-04
  4.800000E+01 	  -9.860343E-02 	  -9.018607E-02 	  -8.417361E-03 	   3.670725E-02 	  -4.084090E-03 	  -3.756167E-03 	   3.279226E-04
  4.900000E+01 	  -1.027308E-01 	  -9.398298E-02 	  -8.747859E-03 	   3.637675E-02 	  -4.167309E-03 	  -3.834455E-03 	   3.328531E-04
  5.000000E+01 	  -1.069414E-01 	  -9.785818E-02 	  -9.083229E-03 	   3.604138E-02 	  -4.250415E-03 	  -3.912743E-03 	   3.376714E-04
  5.100000E+01 	  -1.112350E-01 	  -1.018117E-01 	  -9.423358E-03 	   3.570125E-02 	  -4.333407E-03 	  -3.991032E-03 	   3.423759E-04
  5.200000E+01 	  -1.156116E-01 	  -1.058434E-01 	  -9.768132E-03 	   3.535648E-02 	  -4.416284E-03 	  -4.069320E-03 	   3.469647E-04
  5.300000E+01 	  -1.200709E-01 	  -1.099535E-01 	  -1.011743E-02 	   3.500717E-02 	  -4.499044E-03 	  -4.147608E-03 	   3.514362E-04
  5.400000E+01 	  -1.246130E-01 	  -1.141419E-01 	  -1.047114E-02 	   3.465346E-02 	  -4.581685E-03 	  -4.225896E-03 	   3.557889E-04
  5.500000E+01 	  -1.292376E-01 	  -1.184085E-01 	  -1.082915E-02 	   3.429546E-02 	  -4.664206E-03 	  -4.304185E-03 	   3.600211E-04
  5.600000E+01 	  -1.339447E-01 	  -1.227534E-01 	  -1.119132E-02 	   3.393329E-02 	  -4.746604E-03 	  -4.382473E-03 	   3.641313E-04
  5.700000E+01 	  -1.387342E-01 	  -1.271766E-01 	  -1.155753E-02 	   3.356708E-02 	  -4.828880E-03 	  -4.460762E-03 	   3.681179E-04
  5.800000E+01 	  -1.436058E-01 	  -1.316781E-01 	  -1.192767E-02 	   3.319694E-02 	  -4.911030E-03 	  -4.539050E-03 	   3.719796E-04
  5.900000E+01 	  -1.485595E-01 	  -1.362579E-01 	  -1.230160E-02 	   3.282300E-02 	  -4.993054E-03 	  -4.617339E-03 	   3.757148E-04
  6.000000E+01 	  -1.535952E-01 	  -1.409160E-01 	  -1.267921E-02 	   3.244540E-02 	  -5.074950E-03 	  -4.695628E-03 	   3.793222E-04
  6.100000E+01 	  -1.587127E-01 	  -1.456524E-01 	  -1.306035E-02 	   3.206426E-02 	  -5.156717E-03 	  -4.773917E-03 	   3.828003E-04
  6.200000E+01 	  -1.639120E-01 	  -1.504670E-01 	  -1.344490E-02 	   3.167970E-02 	  -5.238353E-03 	  -4.852206E-03 	   3.861479E-04
  6.300000E+01 	  -1.691927E-01 	  -1.553600E-01 	  -1.383274E-02 	   3.129187E-02 	  -5.319858E-03 	  -4.930495E-03 	   3.893637E-04
  6.400000E+01 	  -1.745550E-01 	  -1.603312E-01 	  -1.422372E-02 	   3.090089E-02 	  -5.401230E-03 	  -5.008784E-03 	   3.924465E-04
  6.500000E+01 	  -1.799985E-01 	  -1.653808E-01 	  -1.461771E-02 	   3.050690E-02 	  -5.482468E-03 	  -5.087073E-03 	   3.953949E-04
  6.600000E+01 	  -1.855232E-01 	  -1.705086E-01 	  -1.501458E-02 	   3.011003E-02 	  -5.563570E-03 	  -5.165362E-03 	   3.982080E-04
  6.700000E+01 	  -1.911289E-01 	  -1.757147E-01 	  -1.541419E-02 	   2.971042E-02 	  -5.644536E-03 	  -5.243652E-03 	   4.008845E-04
  6.800000E+01 	  -1.968155E-01 	  -1.809991E-01 	  -1.581641E-02 	   2.930820E-02 	  -5.725365E-03 	  -5.321941E-03 	   4.034233E-04
  6.900000E+01 	  -2.025829E-01 	  -1.863618E-01 	  -1.622109E-02 	   2.890352E-02 	  -5.806054E-03 	  -5.400231E-03 	   4.058235E-04
  7.000000E+01 	  -2.084308E-01 	  -1.918027E-01 	  -1.662810E-02 	   2.849650E-02 	  -5.886605E-03 	  -5.478521E-03 	   4.080839E-04
  7.100000E+01 	  -2.143593E-01 	  -1.973220E-01 	  -1.703730E-02 	   2.808731E-02 	  -5.967014E-03 	  -5.556810E-03 	   4.102038E-04
  7.200000E+01 	  -2.203681E-01 	  -2.029196E-01 	  -1.744855E-02 	   2.767606E-02 	  -6.047282E-03 	  -5.635100E-03 	   4.121821E-04
  7.300000E+01 	  -2.264571E-01 	  -2.085954E-01 	  -1.786170E-02 	   2.726291E-02 	  -6.127408E-03 	  -5.713390E-03 	   4.140180E-04
  7.400000E+01 	  -2.326261E-01 	  -2.143495E-01 	  -1.827661E-02 	   2.684800E-02 	  -6.207391E-03 	  -5.791681E-03 	   4.157107E-04
  7.500000E+01 	  -2.388751E-01 	  -2.201820E-01 	  -1.869314E-02 	   2.643147E-02 	  -6.287230E-03 	  -5.869971E-03 	   4.172594E-04
  7.600000E+01 	  -2.452038E-01 	  -2.260927E-01 	  -1.911114E-02 	   2.601347E-02 	  -6.366924E-03 	  -5.948261E-03 	   4.186633E-04
  7.700000E+01 	  -2.516122E-01 	  -2.320817E-01 	  -1.953047E-02 	   2.559414E-02 	  -6.446473E-03 	  -6.026552E-03 	   4.199218E-04
  7.800000E+01 	  -2.581000E-01 	  -2.381490E-01 	  -1.995098E-02 	   2.517363E-02 	  -6.525876E-03 	  -6.104842E-03 	   4.210343E-04
  7.900000E+01 	  -2.646671E-01 	  -2.442946E-01 	  -2.037253E-02 	   2.475208E-02 	  -6.605133E-03 	  -6.183133E-03 	   4.220001E-04
  8.000000E+01 	  -2.713134E-01 	  -2.505184E-01 	  -2.079497E-02 	   2.432964E-02 	  -6.684242E-03 	  -6.261424E-03 	   4.228187E-04
  8.100000E+01 	  -2.780388E-01 	  -2.568206E-01 	  -2.121815E-02 	   2.390646E-02 	  -6.763204E-03 	  -6.339714E-03 	   4.234895E-04
  8.200000E+01 	  -2.848430E-01 	  -2.632011E-01 	  -2.164192E-02 	   2.348268E-02 	  -6.842018E-03 	  -6.418006E-03 	   4.240122E-04
  8.300000E+01 	  -2.917260E-01 	  -2.696598E-01 	  -2.206614E-02 	   2.305847E-02 	  -6.920683E-03 	  -6.496297E-03 	   4.243864E-04
  8.400000E+01 	  -2.986875E-01 	  -2.761969E-01 	  -2.249066E-02 	   2.263395E-02 	  -6.999200E-03 	  -6.574588E-03 	   4.246116E-04
  8.500000E+01 	  -3.057275E-01 	  -2.828122E-01 	  -2.291532E-02 	   2.220929E-02 	  -7.077567E-03 	  -6.652879E-03 	   4.246876E-04
  8.600000E+01 	  -3.128458E-01 	  -2.895058E-01 	  -2.333998E-02 	   2.178462E-02 	  -7.155785E-03 	  -6.731171E-03 	   4.246140E-04
  8.700000E+01 	  -3.200422E-01 	  -2.962777E-01 	  -2.376449E-02 	   2.136011E-02 	  -7.233853E-03 	  -6.809462E-03 	   4.243908E-04
  8.800000E+01 	  -3.273166E-01 	  -3.031279E-01 	  -2.418870E-02 	   2.093590E-02 	  -7.311772E-03 	  -6.887754E-03 	   4.240177E-04
  8.900000E+01 	  -3.346689E-01 	  -3.100564E-01 	  -2.461246E-02 	   2.051215E-02 	  -7.389541E-03 	  -6.966046E-03 	   4.234946E-04
  9.000000E+01 	  -3.420988E-01 	  -3.170632E-01 	  -2.503562E-02 	   2.008899E-02 	  -7.467159E-03 	  -7.044338E-03 	   4.228214E-04
  9.100000E+01 	  -3.496063E-01 	  -3.241483E-01 	  -2.545802E-02 	   1.966658E-02 	  -7.544628E-03 	  -7.122630E-03 	   4.219982E-04
  9.200000E+01 	  -3.571912E-01 	  -3.313117E-01 	  -2.587953E-02 	   1.924508E-02 	  -7.621947E-03 	  -7.200922E-03 	   4.210249E-04
  9.300000E+01 	  -3.648533E-01 	  -3.385534E-01 	  -2.629998E-02 	   1.882463E-02 	  -7.699117E-03 	  -7.279215E-03 	   4.199017E-04
  9.400000E+01 	  -3.725925E-01 	  -3.458733E-01 	  -2.671923E-02 	   1.840538E-02 	  -7.776136E-03 	  -7.357507E-03 	   4.186287E-04
  9.500000E+01 	  -3.804087E-01 	  -3.532716E-01 	  -2.713713E-02 	   1.798747E-02 	  -7.853006E-03 	  -7.435800E-03 	   4.172060E-04
  9.600000E+01 	  -3.883016E-01 	  -3.607481E-01 	  -2.755353E-02 	   1.757107E-02 	  -7.929727E-03 	  -7.514093E-03 	   4.156340E-04
  9.700000E+01 	  -3.962712E-01 	  -3.683030E-01 	  -2.796828E-02 	   1.715632E-02 	  -8.006299E-03 	  -7.592386E-03 	   4.139129E-04
  9.800000E+01 	  -4.043173E-01 	  -3.759361E-01 	  -2.838124E-02 	   1.674337E-02 	  -8.082722E-03 	  -7.670679E-03 	   4.120430E-04
  9.900000E+01 	  -4.124397E-01 	  -3.836475E-01 	  -2.879224E-02 	   1.633237E-02 	  -8.158997E-03 	  -7.748972E-03 	   4.100247E-04
  1.000000E+02 	  -4.206384E-01 	  -3.914372E-01 	  -2.920115E-02 	   1.592346E-02 	  -8.235124E-03 	  -7.827266E-03 	   4.078585E-04
  1.010000E+02 	  -4.289131E-01 	  -3.993052E-01 	  -2.960782E-02 	   1.551679E-02 	  -8.311104E-03 	  -7.905559E-03 	   4.055449E-04
  1.020000E+02 	  -4.372636E-01 	  -4.072515E-01 	  -3.001209E-02 	   1.511251E-02 	  -8.386937E-03 	  -7.983853E-03 	   4.030845E-04
  1.030000E+02 	  -4.456900E-01 	  -4.152761E-01 	  -3.041383E-02 	   1.471077E-02 	  -8.462624E-03 	  -8.062146E-03 	   4.004777E-04
  1.040000E+02 	  -4.541919E-01 	  -4.233790E-01 	  -3.081289E-02 	   1.431172E-02 	  -8.538166E-03 	  -8.140440E-03 	   3.977254E-04
  1.050000E+02 	  -4.627693E-01 	  -4.315602E-01 	  -3.120912E-02 	   1.391549E-02 	  -8.613563E-03 	  -8.218735E-03 	   3.948281E-04
  1.060000E+02 	  -4.714221E-01 	  -4.398197E-01 	  -3.160238E-02 	   1.352223E-02 	  -8.688815E-03 	  -8.297029E-03 	   3.917866E-04
  1.070000E+02 	  -4.801500E-01 	  -4.481575E-01 	  -3.199252E-02 	   1.313209E-02 	  -8.763925E-03 	  -8.375323E-03 	   3.886018E-04
  1.080000E+02 	  -4.889529E-01 	  -4.565735E-01 	  -3.237940E-02 	   1.274521E-02 	  -8.838892E-03 	  -8.453618E-03 	   3.852745E-04
  1.090000E+02 	  -4.978308E-01 	  -4.650679E-01 	  -3.276288E-02 	   1.236173E-02 	  -8.913718E-03 	  -8.531912E-03 	   3.818056E-04
  1.100000E+02 	  -5.067834E-01 	  -4.736406E-01 	  -3.314282E-02 	   1.198179E-02 	  -8.988403E-03 	  -8.610207E-03 	   3.781961E-04
  1.110000E+02 	  -5.158106E-01 	  -4.822915E-01 	  -3.351908E-02 	   1.160553E-02 	  -9.062949E-03 	  -8.688502E-03 	   3.744470E-04
  1.120000E+02 	  -5.249123E-01 	  -4.910208E-01 	  -3.389151E-02 	   1.123309E-02 	  -9.137357E-03 	  -8.766798E-03 	   3.705594E-04
  1.130000E+02 	  -5.340883E-01 	  -4.998283E-01 	  -3.425999E-02 	   1.086462E-02 	  -9.211627E-03 	  -8.845093E-03 	   3.665344E-04
  1.140000E+02 	  -5.433385E-01 	  -5.087142E-01 	  -3.462437E-02 	   1.050024E-02 	  -9.285762E-03 	  -8.923388E-03 	   3.623732E-04
  1.150000E+02 	  -5.526628E-01 	  -5.176783E-01 	  -3.498452E-02 	   1.014009E-02 	  -9.359761E-03 	  -9.001684E-03 	   3.580770E-04
  1.160000E+02 	  -5.620610E-01 	  -5.267207E-01 	  -3.534030E-02 	   9.784308E-03 	  -9.433627E-03 	  -9.079980E-03 	   3.536471E-04
  1.170000E+02 	  -5.715330E-01 	  -5.358414E-01 	  -3.569158E-02 	   9.433024E-03 	  -9.507361E-03 	  -9.158276E-03 	   3.490848E-04
  1.180000E+02 	  -5.810787E-01 	  -5.450405E-01 	  -3.603824E-02 	   9.086371E-03 	  -9.580964E-03 	  -9.236572E-03 	   3.443915E-04
  1.190000E+02 	  -5.906979E-01 	  -5.543178E-01 	  -3.638013E-02 	   8.744478E-03 	  -9.654437E-03 	  -9.314868E-03 	   3.395686E-04
  1.200000E+02 	  -6.003905E-01 	  -5.636734E-01 	  -3.671713E-02 	   8.407476E-03 	  -9.727783E-03 	  -9.393165E-03 	   3.346177E-04
  1.210000E+02 	  -6.101564E-01 	  -5.731073E-01 	  -3.704912E-02 	   8.075490E-03 	  -9.801002E-03 	  -9.471462E-03 	   3.295403E-04
  1.220000E+02 	  -6.199955E-01 	  -5.826195E-01 	  -3.737596E-02 	   7.748647E-03 	  -9.874097E-03 	  -9.549759E-03 	   3.243379E-04
  1.230000E+02 	  -6.299076E-01 	  -5.922100E-01 	  -3.769754E-02 	   7.427070E-03 	  -9.947068E-03 	  -9.628056E-03 	   3.190123E-04
  1.240000E+02 	  -6.398926E-01 	  -6.018788E-01 	  -3.801373E-02 	   7.110883E-03 	  -1.001992E-02 	  -9.706353E-03 	   3.135651E-04
  1.250000E+02 	  -6.499503E-01 	  -6.116259E-01 	  -3.832440E-02 	   6.800205E-03 	  -1.009265E-02 	  -9.784650E-03 	   3.079981E-04
  1.260000E+02 	  -6.600808E-01 	  -6.214513E-01 	  -3.862945E-02 	   6.495156E-03 	  -1.016526E-02 	  -9.862948E-03 	   3.023130E-04
  1.270000E+02 	  -6.702838E-01 	  -6.313550E-01 	  -3.892876E-02 	   6.195852E-03 	  -1.023776E-02 	  -9.941246E-03 	   2.965117E-04
  1.280000E+02 	  -6.805592E-01 	  -6.413370E-01 	  -3.922220E-02 	   5.902410E-03 	  -1.031014E-02 	  -1.001954E-02 	   2.905962E-04
  1.290000E+02 	  -6.909070E-01 	  -6.513973E-01 	  -3.950967E-02 	   5.614941E-03 	  -1.038241E-02 	  -1.009784E-02 	   2.845683E-04
  1.300000E+02 	  -7.013270E-01 	  -6.615359E-01 	  -3.979105E-02 	   5.333558E-03 	  -1.045457E-02 	  -1.017614E-02 	   2.784301E-04
  1.310000E+02 	  -7.118190E-01 	  -6.717528E-01 	  -4.006624E-02 	   5.058370E-03 	  -1.052662E-02 	  -1.025444E-02 	   2.721837E-04
  1.320000E+02 	  -7.223831E-01 	  -6.820480E-01 	  -4.033512E-02 	   4.789484E-03 	  -1.059857E-02 	  -1.033274E-02 	   2.658310E-04
  1.330000E+02 	  -7.330191E-01 	  -6.924215E-01 	  -4.059760E-02 	   4.527004E-03 	  -1.067041E-02 	  -1.041104E-02 	   2.593744E-04
  1.340000E+02 	  -7.437268E-01 	  -7.028732E-01 	  -4.085357E-02 	   4.271035E-03 	  -1.074215E-02 	  -1.048934E-02 	   2.528159E-04
  1.350000E+02 	  -7.545063E-01 	  -7.134033E-01 	  -4.110293E-02 	   4.021676E-03 	  -1.081379E-02 	  -1.056763E-02 	   2.461578E-04
  1.360000E+02 	  -7.653573E-01 	  -7.240117E-01 	  -4.134558E-02 	   3.779026E-03 	  -1.088534E-02 	  -1.064593E-02 	   2.394025E-04
  1.370000E+02 	  -7.762798E-01 	  -7.346984E-01 	  -4.158143E-02 	   3.543180E-03 	  -1.095679E-02 	  -1.072423E-02 	   2.325522E-04
  1.380000E+02 	  -7.872738E-01 	  -7.454634E-01 	  -4.181037E-02 	   3.314234E-03 	  -1.102814E-02 	  -1.080253E-02 	   2.256095E-04
  1.390000E+02 	  -7.983390E-01 	  -7.563067E-01 	  -4.203233E-02 	   3.092277E-03 	  -1.109941E-02 	  -1.088083E-02 	   2.185766E-04
  1.400000E+02 	  -8.094755E-01 	  -7.672282E-01 	  -4.224721E-02 	   2.877399E-03 	  -1.117059E-02 	  -1.095913E-02 	   2.114561E-04
  1.410000E+02 	  -8.206830E-01 	  -7.782281E-01 	  -4.245492E-02 	   2.669686E-03 	  -1.124168E-02 	  -1.103743E-02 	   2.042505E-04
  1.420000E+02 	  -8.319617E-01 	  -7.893063E-01 	  -4.265539E-02 	   2.469221E-03 	  -1.131270E-02 	  -1.111573E-02 	   1.969624E-04
  1.430000E+02 	  -8.433113E-01 	  -8.004628E-01 	  -4.284852E-02 	   2.276087E-03 	  -1.138363E-02 	  -1.119404E-02 	   1.895945E-04
  1.440000E+02 	  -8.547318E-01 	  -8.116976E-01 	  -4.303425E-02 	   2.090361E-03 	  -1.145449E-02 	  -1.127234E-02 	   1.821494E-04
  1.450000E+02 	  -8.662232E-01 	  -8.230107E-01 	  -4.321249E-02 	   1.912118E-03 	  -1.152527E-02 	  -1.135064E-02 	   1.746298E-04
  1.460000E+02 	  -8.777852E-01 	  -8.344021E-01 	  -4.338317E-02 	   1.741434E-03 	  -1.159598E-02 	  -1.142894E-02 	   1.670384E-04
  1.470000E+02 	  -8.894180E-01 	  -8.458717E-01 	  -4.354623E-02 	   1.578376E-03 	  -1.166662E-02 	  -1.150724E-02 	   1.593782E-04
  1.480000E+02 	  -9.011213E-01 	  -8.574197E-01 	  -4.370159E-02 	   1.423014E-03 	  -1.173719E-02 	  -1.158554E-02 	   1.516518E-04
  1.490000E+02 	  -9.128952E-01 	  -8.690460E-01 	  -4.384920E-02 	   1.275410E-03 	  -1.180771E-02 	  -1.166385E-02 	   1.438623E-04
  1.500000E+02 	  -9.247396E-01 	  -8.807506E-01 	  -4.398898E-02 	   1.135628E-03 	  -1.187816E-02 	  -1.174215E-02 	   1.360125E-04
  1.510000E+02 	  -9.366544E-01 	  -8.925335E-01 	  -4.412088E-02 	   1.003726E-03 	  -1.194856E-02 	  -1.182045E-02 	   1.281054E-04
  1.520000E+02 	  -9.486396E-01 	  -9.043947E-01 	  -4.424485E-02 	   8.797598E-04 	  -1.201890E-02 	  -1.189875E-02 	   1.201441E-04
  1.530000E+02 	  -9.606951E-01 	  -9.163342E-01 	  -4.436083E-02 	   7.637815E-04 	  -1.208919E-02 	  -1.197706E-02 	   1.121315E-04
  1.540000E+02 	  -9.728208E-01 	  -9.283520E-01 	  -4.446877E-02 	   6.558412E-04 	  -1.215943E-02 	  -1.205536E-02 	   1.040707E-04
  1.550000E+02 	  -9.850168E-01 	  -9.404481E-01 	  -4.456862E-02 	   5.559852E-04 	  -1.222963E-02 	  -1.213366E-02 	   9.596500E-05
  1.560000E+02 	  -9.972829E-01 	  -9.526226E-01 	  -4.466035E-02 	   4.642570E-04 	  -1.229978E-02 	  -1.221197E-02 	   8.781743E-05
  1.570000E+02 	  -1.009619E+00 	  -9.648753E-01 	  -4.474391E-02 	   3.806968E-04 	  -1.236990E-02 	  -1.229027E-02 	   7.963122E-05
  1.580000E+02 	  -1.022026E+00 	  -9.772063E-01 	  -4.481927E-02 	   3.053415E-04 	  -1.243998E-02 	  -1.236857E-02 	   7.140962E-05
  1.590000E+02 	  -1.034502E+00 	  -9.896156E-01 	  -4.488638E-02 	   2.382248E-04 	  -1.251003E-02 	  -1.244688E-02 	   6.315589E-05
  1.600000E+02 	  -1.047048E+00 	  -1.002103E+00 	  -4.494523E-02 	   1.793770E-04 	  -1.258006E-02 	  -1.252518E-02 	   5.487336E-05
  1.610000E+02 	  -1.059665E+00 	  -1.014669E+00 	  -4.499578E-02 	   1.288253E-04 	  -1.265005E-02 	  -1.260349E-02 	   4.656538E-05
  1.620000E+02 	  -1.072351E+00 	  -1.027313E+00 	  -4.503801E-02 	   8.659343E-05 	  -1.272003E-02 	  -1.268179E-02 	   3.823531E-05
  1.630000E+02 	  -1.085108E+00 	  -1.040036E+00 	  -4.507191E-02 	   5.270158E-05 	  -1.278998E-02 	  -1.276010E-02 	   2.988657E-05
  1.640000E+02 	  -1.097934E+00 	  -1.052837E+00 	  -4.509744E-02 	   2.716668E-05 	  -1.285993E-02 	  -1.283840E-02 	   2.152260E-05
  1.650000E+02 	  -1.110831E+00 	  -1.065716E+00 	  -4.511461E-02 	   1.000215E-05 	  -1.292986E-02 	  -1.291671E-02 	   1.314689E-05
  1.660000E+02 	  -1.123797E+00 	  -1.078673E+00 	  -4.512339E-02 	   1.217918E-06 	  -1.299978E-02 	  -1.299502E-02 	   4.762932E-06
  1.670000E+02 	  -1.136833E+00 	  -1.091709E+00 	  -4.512379E-02 	   8.203902E-07 	  -1.306970E-02 	  -1.307332E-02 	   3.625737E-06
  1.680000E+02 	  -1.149939E+00 	  -1.104823E+00 	  -4.511580E-02 	   8.812427E-06 	  -1.313961E-02 	  -1.315163E-02 	   1.201555E-05
  1.690000E+02 	  -1.163115E+00 	  -1.118016E+00 	  -4.509941E-02 	   2.519331E-05 	  -1.320953E-02 	  -1.322993E-02 	   2.040293E-05
  1.700000E+02 	  -1.176361E+00 	  -1.131286E+00 	  -4.507465E-02 	   4.995872E-05 	  -1.327946E-02 	  -1.330824E-02 	   2.878425E-05
  1.710000E+02 	  -1.189677E+00 	  -1.144635E+00 	  -4.504151E-02 	   8.310071E-05 	  -1.334939E-02 	  -1.338655E-02 	   3.715588E-05
  1.720000E+02 	  -1.203063E+00 	  -1.158063E+00 	  -4.500000E-02 	   1.246077E-04 	  -1.341934E-02 	  -1.346486E-02 	   4.551413E-05
  1.730000E+02 	  -1.216518E+00 	  -1.171568E+00 	  -4.495014E-02 	   1.744643E-04 	  -1.348931E-02 	  -1.354316E-02 	   5.385534E-05
  1.740000E+02 	  -1.230044E+00 	  -1.185152E+00 	  -4.489196E-02 	   2.326517E-04 	  -1.355930E-02 	  -1.362147E-02 	   6.217578E-05
  1.750000E+02 	  -1.243640E+00 	  -1.198814E+00 	  -4.482546E-02 	   2.991471E-04 	  -1.362931E-02 	  -1.369978E-02 	   7.047173E-05
  1.760000E+02 	  -1.257306E+00 	  -1.212555E+00 	  -4.475068E-02 	   3.739240E-04 	  -1.369935E-02 	  -1.377809E-02 	   7.873943E-05
  1.770000E+02 	  -1.271041E+00 	  -1.226374E+00 	  -4.466766E-02 	   4.569523E-04 	  -1.376942E-02 	  -1.385640E-02 	   8.697510E-05
  1.780000E+02 	  -1.284847E+00 	  -1.240271E+00 	  -4.457641E-02 	   5.481979E-04 	  -1.383953E-02 	  -1.393471E-02 	   9.517497E-05
  1.790000E+02 	  -1.298723E+00 	  -1.254246E+00 	  -4.447698E-02 	   6.476231E-04 	  -1.390968E-02 	  -1.401301E-02 	   1.033352E-04
  1.800000E+02 	  -1.312670E+00 	  -1.268300E+00 	  -4.436942E-02 	   7.551863E-04 	  -1.397987E-02 	  -1.409132E-02 	   1.114520E-04
  1.810000E+02 	  -1.326686E+00 	  -1.282432E+00 	  -4.425377E-02 	   8.708420E-04 	  -1.405011E-02 	  -1.416963E-02 	   1.195216E-04
  1.820000E+02 	  -1.340773E+00 	  -1.296643E+00 	  -4.413007E-02 	   9.945409E-04 	  -1.412040E-02 	  -1.424794E-02 	   1.275400E-04
  1.830000E+02 	  -1.354930E+00 	  -1.310931E+00 	  -4.399838E-02 	   1.126230E-03 	  -1.419075E-02 	  -1.432625E-02 	   1.355034E-04
  1.840000E+02 	  -1.369157E+00 	  -1.325298E+00 	  -4.385876E-02 	   1.265852E-03 	  -1.426116E-02 	  -1.440456E-02 	   1.434079E-04
  1.850000E+02 	  -1.383455E+00 	  -1.339744E+00 	  -4.371126E-02 	   1.413346E-03 	  -1.433163E-02 	  -1.448288E-02 	   1.512498E-04
  1.860000E+02 	  -1.397823E+00 	  -1.354267E+00 	  -4.355596E-02 	   1.568648E-03 	  -1.440216E-02 	  -1.456119E-02 	   1.590249E-04
  1.870000E+02 	  -1.412262E+00 	  -1.368869E+00 	  -4.339292E-02 	   1.731689E-03 	  -1.447277E-02 	  -1.463950E-02 	   1.667296E-04
  1.880000E+02 	  -1.426772E+00 	  -1.383549E+00 	  -4.322221E-02 	   1.902396E-03 	  -1.454345E-02 	  -1.471781E-02 	   1.743598E-04
  1.890000E+02 	  -1.441352E+00 	  -1.398308E+00 	  -4.304392E-02 	   2.080693E-03 	  -1.461421E-02 	  -1.479612E-02 	   1.819117E-04
  1.900000E+02 	  -1.456003E+00 	  -1.413145E+00 	  -4.285811E-02 	   2.266499E-03 	  -1.468505E-02 	  -1.487443E-02 	   1.893813E-04
  1.910000E+02 	  -1.470725E+00 	  -1.428060E+00 	  -4.266488E-02 	   2.459730E-03 	  -1.475598E-02 	  -1.495275E-02 	   1.967648E-04
  1.920000E+02 	  -1.485518E+00 	  -1.443054E+00 	  -4.246431E-02 	   2.660298E-03 	  -1.482700E-02 	  -1.503106E-02 	   2.040582E-04
  1.930000E+02 	  -1.500382E+00 	  -1.458125E+00 	  -4.225650E-02 	   2.868111E-03 	  -1.489811E-02 	  -1.510937E-02 	   2.112576E-04
  1.940000E+02 	  -1.515317E+00 	  -1.473276E+00 	  -4.204154E-02 	   3.083072E-03 	  -1.496933E-02 	  -1.518768E-02 	   2.183591E-04
  1.950000E+02 	  -1.530323E+00 	  -1.488504E+00 	  -4.181952E-02 	   3.305083E-03 	  -1.504064E-02 	  -1.526600E-02 	   2.253588E-04
  1.960000E+02 	  -1.545401E+00 	  -1.503811E+00 	  -4.159057E-02 	   3.534038E-03 	  -1.511206E-02 	  -1.534431E-02 	   2.322528E-04
  1.970000E+02 	  -1.560551E+00 	  -1.519196E+00 	  -4.135478E-02 	   3.769831E-03 	  -1.518359E-02 	  -1.542263E-02 	   2.390373E-04
  1.980000E+02 	  -1.575771E+00 	  -1.534659E+00 	  -4.111226E-02 	   4.012350E-03 	  -1.525523E-02 	  -1.550094E-02 	   2.457083E-04
  1.990000E+02 	  -1.591064E+00 	  -1.550201E+00 	  -4.086313E-02 	   4.261479E-03 	  -1.532699E-02 	  -1.557925E-02 	   2.522620E-04
  2.000000E+02 	  -1.606428E+00 	  -1.565821E+00 	  -4.060751E-02 	   4.517099E-03 	  -1.539887E-02 	  -1.565757E-02 	   2.586944E-04
  2.010000E+02 	  -1.621865E+00 	  -1.581519E+00 	  -4.034552E-02 	   4.779086E-03 	  -1.547088E-02 	  -1.573588E-02 	   2.650019E-04
  2.020000E+02 	  -1.637373E+00 	  -1.597296E+00 	  -4.007729E-02 	   5.047314E-03 	  -1.554302E-02 	  -1.581420E-02 	   2.711805E-04
  2.030000E+02 	  -1.652954E+00 	  -1.613151E+00 	  -3.980296E-02 	   5.321653E-03 	  -1.561529E-02 	  -1.589252E-02 	   2.772264E-04
  2.040000E+02 	  -1.668607E+00 	  -1.629084E+00 	  -3.952264E-02 	   5.601966E-03 	  -1.568770E-02 	  -1.597083E-02 	   2.831358E-04
  2.050000E+02 	  -1.684332E+00 	  -1.645096E+00 	  -3.923649E-02 	   5.888116E-03 	  -1.576024E-02 	  -1.604915E-02 	   2.889050E-04
  2.060000E+02 	  -1.700130E+00 	  -1.661186E+00 	  -3.894465E-02 	   6.179961E-03 	  -1.583293E-02 	  -1.612746E-02 	   2.945303E-04
  2.070000E+02 	  -1.716001E+00 	  -1.677354E+00 	  -3.864725E-02 	   6.477354E-03 	  -1.590577E-02 	  -1.620578E-02 	   3.000078E-04
  2.080000E+02 	  -1.731945E+00 	  -1.693600E+00 	  -3.834446E-02 	   6.780146E-03 	  -1.597876E-02 	  -1.628410E-02 	   3.053339E-04
  2.090000E+02 	  -1.747962E+00 	  -1.709925E+00 	  -3.803642E-02 	   7.088184E-03 	  -1.605191E-02 	  -1.636242E-02 	   3.105050E-04
  2.100000E+02 	  -1.764052E+00 	  -1.726328E+00 	  -3.772330E-02 	   7.401311E-03 	  -1.612522E-02 	  -1.644073E-02 	   3.155173E-04
  2.110000E+02 	  -1.780215E+00 	  -1.742810E+00 	  -3.740524E-02 	   7.719366E-03 	  -1.619869E-02 	  -1.651905E-02 	   3.203673E-04
  2.120000E+02 	  -1.796452E+00 	  -1.759370E+00 	  -3.708242E-02 	   8.042185E-03 	  -1.627232E-02 	  -1.659737E-02 	   3.250514E-04
  2.130000E+02 	  -1.812763E+00 	  -1.776008E+00 	  -3.675501E-02 	   8.369601E-03 	  -1.634612E-02 	  -1.667569E-02 	   3.295661E-04
  2.140000E+02 	  -1.829147E+00 	  -1.792724E+00 	  -3.642317E-02 	   8.701441E-03 	  -1.642010E-02 	  -1.675401E-02 	   3.339078E-04
  2.150000E+02 	  -1.845606E+00 	  -1.809519E+00 	  -3.608708E-02 	   9.037531E-03 	  -1.649425E-02 	  -1.683233E-02 	   3.380731E-04
  2.160000E+02 	  -1.862139E+00 	  -1.826392E+00 	  -3.574691E-02 	   9.377693E-03 	  -1.656859E-02 	  -1.691065E-02 	   3.420586E-04
  2.170000E+02 	  -1.878746E+00 	  -1.843344E+00 	  -3.540286E-02 	   9.721746E-03 	  -1.664311E-02 	  -1.698897E-02 	   3.458608E-04
  2.180000E+02 	  -1.895428E+00 	  -1.860373E+00 	  -3.505510E-02 	   1.006950E-02 	  -1.671781E-02 	  -1.706729E-02 	   3.494765E-04
  2.190000E+02 	  -1.912185E+00 	  -1.877481E+00 	  -3.470383E-02 	   1.042078E-02 	  -1.679271E-02 	  -1.714561E-02 	   3.529024E-04
  2.200000E+02 	  -1.929017E+00 	  -1.894668E+00 	  -3.434923E-02 	   1.077538E-02 	  -1.686779E-02 	  -1.722393E-02 	   3.561351E-04
  2.210000E+02 	  -1.945924E+00 	  -1.911932E+00 	  -3.399150E-02 	   1.113311E-02 	  -1.694308E-02 	  -1.730225E-02 	   3.591717E-04
  2.220000E+02 	  -1.962906E+00 	  -1.929275E+00 	  -3.363083E-02 	   1.149378E-02 	  -1.701856E-02 	  -1.738057E-02 	   3.620088E-04
  2.230000E+02 	  -1.979964E+00 	  -1.946697E+00 	  -3.326743E-02 	   1.185717E-02 	  -1.709425E-02 	  -1.745889E-02 	   3.646435E-04
  2.240000E+02 	  -1.997098E+00 	  -1.964196E+00 	  -3.290151E-02 	   1.222310E-02 	  -1.717014E-02 	  -1.753722E-02 	   3.670726E-04
  2.250000E+02 	  -2.014308E+00 	  -1.981774E+00 	  -3.253326E-02 	   1.259134E-02 	  -1.724625E-02 	  -1.761554E-02 	   3.692934E-04
  2.260000E+02 	  -2.031594E+00 	  -1.999431E+00 	  -3.216291E-02 	   1.296170E-02 	  -1.732256E-02 	  -1.769386E-02 	   3.713028E-04
  2.270000E+02 	  -2.048956E+00 	  -2.017165E+00 	  -3.179065E-02 	   1.333396E-02 	  -1.739909E-02 	  -1.777218E-02 	   3.730980E-04
  2.280000E+02 	  -2.066395E+00 	  -2.034978E+00 	  -3.141671E-02 	   1.370789E-02 	  -1.747583E-02 	  -1.785051E-02 	   3.746763E-04
  2.290000E+02 	  -2.083911E+00 	  -2.052869E+00 	  -3.104131E-02 	   1.408330E-02 	  -1.755280E-02 	  -1.792883E-02 	   3.760350E-04
  2.300000E+02 	  -2.101504E+00 	  -2.070839E+00 	  -3.066467E-02 	   1.445994E-02 	  -1.762998E-02 	  -1.800716E-02 	   3.771714E-04
  2.310000E+02 	  -2.119174E+00 	  -2.088887E+00 	  -3.028700E-02 	   1.483761E-02 	  -1.770740E-02 	  -1.808548E-02 	   3.780831E-04
  2.320000E+02 	  -2.136922E+00 	  -2.107013E+00 	  -2.990854E-02 	   1.521606E-02 	  -1.778504E-02 	  -1.816381E-02 	   3.787675E-04
  2.330000E+02 	  -2.154747E+00 	  -2.125218E+00 	  -2.952952E-02 	   1.559509E-02 	  -1.786291E-02 	  -1.824213E-02 	   3.792222E-04
  2.340000E+02 	  -2.172651E+00 	  -2.143501E+00 	  -2.915016E-02 	   1.597444E-02 	  -1.794101E-02 	  -1.832046E-02 	   3.794450E-04
  2.350000E+02 	  -2.190633E+00 	  -2.161862E+00 	  -2.877070E-02 	   1.635390E-02 	  -1.801935E-02 	  -1.839878E-02 	   3.794337E-04
  2.360000E+02 	  -2.208693E+00 	  -2.180301E+00 	  -2.839138E-02 	   1.673323E-02 	  -1.809792E-02 	  -1.847711E-02 	   3.791860E-04
  2.370000E+02 	  -2.226832E+00 	  -2.198819E+00 	  -2.801243E-02 	   1.711218E-02 	  -1.817673E-02 	  -1.855543E-02 	   3.787000E-04
  2.380000E+02 	  -2.245050E+00 	  -2.217416E+00 	  -2.763408E-02 	   1.749052E-02 	  -1.825579E-02 	  -1.863376E-02 	   3.779736E-04
  2.390000E+02 	  -2.263347E+00 	  -2.236090E+00 	  -2.725660E-02 	   1.786801E-02 	  -1.833508E-02 	  -1.871209E-02 	   3.770051E-04
  2.400000E+02 	  -2.281723E+00 	  -2.254843E+00 	  -2.688020E-02 	   1.824441E-02 	  -1.841462E-02 	  -1.879042E-02 	   3.757926E-04
  2.410000E+02 	  -2.300179E+00 	  -2.273674E+00 	  -2.650515E-02 	   1.861946E-02 	  -1.849441E-02 	  -1.886874E-02 	   3.743345E-04
  2.420000E+02 	  -2.318715E+00 	  -2.292584E+00 	  -2.613168E-02 	   1.899293E-02 	  -1.857444E-02 	  -1.894707E-02 	   3.726293E-04
  2.430000E+02 	  -2.337331E+00 	  -2.311571E+00 	  -2.576005E-02 	   1.936456E-02 	  -1.865473E-02 	  -1.902540E-02 	   3.706755E-04
  2.440000E+02 	  -2.356028E+00 	  -2.330638E+00 	  -2.539050E-02 	   1.973411E-02 	  -1.873526E-02 	  -1.910373E-02 	   3.684717E-04
  2.450000E+02 	  -2.374805E+00 	  -2.349782E+00 	  -2.502328E-02 	   2.010133E-02 	  -1.881604E-02 	  -1.918206E-02 	   3.660167E-04
  2.460000E+02 	  -2.393664E+00 	  -2.369005E+00 	  -2.465865E-02 	   2.046596E-02 	  -1.889708E-02 	  -1.926039E-02 	   3.633094E-04
  2.470000E+02 	  -2.412603E+00 	  -2.388306E+00 	  -2.429686E-02 	   2.082775E-02 	  -1.897837E-02 	  -1.933872E-02 	   3.603487E-04
  2.480000E+02 	  -2.431624E+00 	  -2.407686E+00 	  -2.393817E-02 	   2.118644E-02 	  -1.905992E-02 	  -1.941705E-02 	   3.571339E-04
  2.490000E+02 	  -2.450726E+00 	  -2.427143E+00 	  -2.358282E-02 	   2.154179E-02 	  -1.914172E-02 	  -1.949538E-02 	   3.536641E-04
  2.500000E+02 	  -2.469911E+00 	  -2.446679E+00 	  -2.323107E-02 	   2.189354E-02 	  -1.922377E-02 	  -1.957371E-02 	   3.499387E-04
  2.510000E+02 	  -2.489177E+00 	  -2.466294E+00 	  -2.288318E-02 	   2.224143E-02 	  -1.930609E-02 	  -1.965204E-02 	   3.459571E-04
  2.520000E+02 	  -2.508526E+00 	  -2.485987E+00 	  -2.253941E-02 	   2.258520E-02 	  -1.938866E-02 	  -1.973037E-02 	   3.417191E-04
  2.530000E+02 	  -2.527958E+00 	  -2.505758E+00 	  -2.220001E-02 	   2.292460E-02 	  -1.947148E-02 	  -1.980871E-02 	   3.372243E-04
  2.540000E+02 	  -2.547473E+00 	  -2.525607E+00 	  -2.186523E-02 	   2.325937E-02 	  -1.955457E-02 	  -1.988704E-02 	   3.324727E-04
  2.550000E+02 	  -2.567071E+00 	  -2.545535E+00 	  -2.153535E-02 	   2.358926E-02 	  -1.963791E-02 	  -1.996537E-02 	   3.274642E-04
  2.560000E+02 	  -2.586752E+00 	  -2.565541E+00 	  -2.121060E-02 	   2.391401E-02 	  -1.972151E-02 	  -2.004371E-02 	   3.221992E-04
  2.570000E+02 	  -2.606517E+00 	  -2.585626E+00 	  -2.089125E-02 	   2.423335E-02 	  -1.980536E-02 	  -2.012204E-02 	   3.166778E-04
  2.580000E+02 	  -2.626366E+00 	  -2.605789E+00 	  -2.057756E-02 	   2.454705E-02 	  -1.988947E-02 	  -2.020037E-02 	   3.109005E-04
  2.590000E+02 	  -2.646300E+00 	  -2.626030E+00 	  -2.026978E-02 	   2.485483E-02 	  -1.997384E-02 	  -2.027871E-02 	   3.048681E-04
  2.600000E+02 	  -2.666317E+00 	  -2.646349E+00 	  -1.996816E-02 	   2.515645E-02 	  -2.005846E-02 	  -2.035704E-02 	   2.985813E-04
  2.610000E+02 	  -2.686420E+00 	  -2.666747E+00 	  -1.967296E-02 	   2.545164E-02 	  -2.014334E-02 	  -2.043538E-02 	   2.920409E-04
  2.620000E+02 	  -2.706608E+00 	  -2.687223E+00 	  -1.938444E-02 	   2.574017E-02 	  -2.022846E-02 	  -2.051371E-02 	   2.852482E-04
  2.630000E+02 	  -2.726880E+00 	  -2.707778E+00 	  -1.910283E-02 	   2.602177E-02 	  -2.031384E-02 	  -2.059205E-02 	   2.782045E-04
  2.640000E+02 	  -2.747239E+00 	  -2.728410E+00 	  -1.882840E-02 	   2.629620E-02 	  -2.039947E-02 	  -2.067038E-02 	   2.709110E-04
  2.650000E+02 	  -2.767683E+00 	  -2.749122E+00 	  -1.856140E-02 	   2.656321E-02 	  -2.048535E-02 	  -2.074872E-02 	   2.633695E-04
  2.660000E+02 	  -2.788213E+00 	  -2.769911E+00 	  -1.830206E-02 	   2.682255E-02 	  -2.057148E-02 	  -2.082706E-02 	   2.555818E-04
  2.670000E+02 	  -2.808830E+00 	  -2.790779E+00 	  -1.805064E-02 	   2.707397E-02 	  -2.065785E-02 	  -2.090540E-02 	   2.475498E-04
  2.680000E+02 	  -2.829532E+00 	  -2.811725E+00 	  -1.780737E-02 	   2.731723E-02 	  -2.074446E-02 	  -2.098373E-02 	   2.392757E-04
  2.690000E+02 	  -2.850322E+00 	  -2.832750E+00 	  -1.757251E-02 	   2.755210E-02 	  -2.083131E-02 	  -2.106207E-02 	   2.307618E-04
  2.700000E+02 	  -2.871199E+00 	  -2.853852E+00 	  -1.734628E-02 	   2.777833E-02 	  -2.091840E-02 	  -2.114041E-02 	   2.220106E-04
  2.710000E+02 	  -2.892163E+00 	  -2.875034E+00 	  -1.712893E-02 	   2.799568E-02 	  -2.100572E-02 	  -2.121875E-02 	   2.130250E-04
  2.720000E+02 	  -2.913214E+00 	  -2.896293E+00 	  -1.692068E-02 	   2.820393E-02 	  -2.109328E-02 	  -2.129709E-02 	   2.038077E-04
  2.730000E+02 	  -2.934353E+00 	  -2.917631E+00 	  -1.672177E-02 	   2.840284E-02 	  -2.118107E-02 	  -2.137543E-02 	   1.943621E-04
  2.740000E+02 	  -2.955580E+00 	  -2.939047E+00 	  -1.653242E-02 	   2.859218E-02 	  -2.126908E-02 	  -2.145377E-02 	   1.846912E-04
  2.750000E+02 	  -2.976895E+00 	  -2.960542E+00 	  -1.635286E-02 	   2.877175E-02 	  -2.135731E-02 	  -2.153211E-02 	   1.747988E-04
  2.760000E+02 	  -2.998298E+00 	  -2.982115E+00 	  -1.618331E-02 	   2.894130E-02 	  -2.144576E-02 	  -2.161045E-02 	   1.646886E-04
  2.770000E+02 	  -3.019790E+00 	  -3.003766E+00 	  -1.602397E-02 	   2.910063E-02 	  -2.153443E-02 	  -2.168879E-02 	   1.543645E-04
  2.780000E+02 	  -3.041370E+00 	  -3.025495E+00 	  -1.587507E-02 	   2.924953E-02 	  -2.162330E-02 	  -2.176713E-02 	   1.438308E-04
  2.790000E+02 	  -3.063040E+00 	  -3.047303E+00 	  -1.573681E-02 	   2.938779E-02 	  -2.171238E-02 	  -2.184547E-02 	   1.330917E-04
  2.800000E+02 	  -3.084799E+00 	  -3.069190E+00 	  -1.560940E-02 	   2.951521E-02 	  -2.180166E-02 	  -2.192382E-02 	   1.221521E-04
  2.810000E+02 	  -3.106647E+00 	  -3.091154E+00 	  -1.549303E-02 	   2.963158E-02 	  -2.189114E-02 	  -2.200216E-02 	   1.110167E-04
  2.820000E+02 	  -3.128585E+00 	  -3.113197E+00 	  -1.538789E-02 	   2.973672E-02 	  -2.198081E-02 	  -2.208050E-02 	   9.969073E-05
  2.830000E+02 	  -3.150613E+00 	  -3.135318E+00 	  -1.529417E-02 	   2.983043E-02 	  -2.207067E-02 	  -2.215885E-02 	   8.817944E-05
  2.840000E+02 	  -3.172730E+00 	  -3.157518E+00 	  -1.521206E-02 	   2.991254E-02 	  -2.216070E-02 	  -2.223719E-02 	   7.648846E-05
  2.850000E+02 	  -3.194938E+00 	  -3.179796E+00 	  -1.514174E-02 	   2.998287E-02 	  -2.225091E-02 	  -2.231554E-02 	   6.462363E-05
  2.860000E+02 	  -3.217236E+00 	  -3.202152E+00 	  -1.508336E-02 	   3.004125E-02 	  -2.234129E-02 	  -2.239388E-02 	   5.259105E-05
  2.870000E+02 	  -3.239624E+00 	  -3.224587E+00 	  -1.503710E-02 	   3.008751E-02 	  -2.243183E-02 	  -2.247223E-02 	   4.039706E-05
  2.880000E+02 	  -3.262103E+00 	  -3.247100E+00 	  -1.500312E-02 	   3.012149E-02 	  -2.252252E-02 	  -2.255057E-02 	   2.804827E-05
  2.890000E+02 	  -3.284673E+00 	  -3.269691E+00 	  -1.498156E-02 	   3.014305E-02 	  -2.261337E-02 	  -2.262892E-02 	   1.555155E-05
  2.900000E+02 	  -3.307333E+00 	  -3.292361E+00 	  -1.497258E-02 	   3.015203E-02 	  -2.270435E-02 	  -2.270726E-02 	   2.914051E-06
  2.910000E+02 	  -3.330085E+00 	  -3.315109E+00 	  -1.497630E-02 	   3.014831E-02 	  -2.279547E-02 	  -2.278561E-02 	   9.856819E-06
  2.920000E+02 	  -3.352928E+00 	  -3.337935E+00 	  -1.499286E-02 	   3.013175E-02 	  -2.288671E-02 	  -2.286396E-02 	   2.275337E-05
  2.930000E+02 	  -3.375862E+00 	  -3.360840E+00 	  -1.502237E-02 	   3.010224E-02 	  -2.297807E-02 	  -2.294231E-02 	   3.576762E-05
  2.940000E+02 	  -3.398888E+00 	  -3.383823E+00 	  -1.506496E-02 	   3.005965E-02 	  -2.306955E-02 	  -2.302065E-02 	   4.889132E-05
  2.950000E+02 	  -3.422005E+00 	  -3.406885E+00 	  -1.512073E-02 	   3.000388E-02 	  -2.316112E-02 	  -2.309900E-02 	   6.211592E-05
  2.960000E+02 	  -3.445214E+00 	  -3.430024E+00 	  -1.518977E-02 	   2.993484E-02 	  -2.325279E-02 	  -2.317735E-02 	   7.543258E-05
  2.970000E+02 	  -3.468515E+00 	  -3.453242E+00 	  -1.527217E-02 	   2.985244E-02 	  -2.334453E-02 	  -2.325570E-02 	   8.883215E-05
  2.980000E+02 	  -3.491907E+00 	  -3.476539E+00 	  -1.536800E-02 	   2.975660E-02 	  -2.343636E-02 	  -2.333405E-02 	   1.023052E-04
  2.990000E+02 	  -3.515391E+00 	  -3.499914E+00 	  -1.547735E-02 	   2.964726E-02 	  -2.352824E-02 	  -2.341240E-02 	   1.158419E-04
  3.000000E+02 	  -3.538967E+00 	  -3.523367E+00 	  -1.560026E-02 	   2.952435E-02 	  -2.362019E-02 	  -2.349075E-02 	   1.294323E-04
  3.010000E+02 	  -3.562635E+00 	  -3.546898E+00 	  -1.573678E-02 	   2.938782E-02 	  -2.371217E-02 	  -2.356910E-02 	   1.430660E-04
  3.020000E+02 	  -3.586395E+00 	  -3.570508E+00 	  -1.588696E-02 	   2.923765E-02 	  -2.380419E-02 	  -2.364746E-02 	   1.567322E-04
  3.030000E+02 	  -3.610247E+00 	  -3.594197E+00 	  -1.605081E-02 	   2.907379E-02 	  -2.389623E-02 	  -2.372581E-02 	   1.704200E-04
  3.040000E+02 	  -3.634192E+00 	  -3.617963E+00 	  -1.622836E-02 	   2.889625E-02 	  -2.398828E-02 	  -2.380416E-02 	   1.841179E-04
  3.050000E+02 	  -3.658228E+00 	  -3.641808E+00 	  -1.641961E-02 	   2.870500E-02 	  -2.408033E-02 	  -2.388251E-02 	   1.978142E-04
  3.060000E+02 	  -3.682356E+00 	  -3.665731E+00 	  -1.662455E-02 	   2.850006E-02 	  -2.417236E-02 	  -2.396087E-02 	   2.114970E-04
  3.070000E+02 	  -3.706576E+00 	  -3.689733E+00 	  -1.684315E-02 	   2.828146E-02 	  -2.426438E-02 	  -2.403922E-02 	   2.251539E-04
  3.080000E+02 	  -3.730888E+00 	  -3.713813E+00 	  -1.707540E-02 	   2.804921E-02 	  -2.435635E-02 	  -2.411758E-02 	   2.387720E-04
  3.090000E+02 	  -3.755293E+00 	  -3.737971E+00 	  -1.732123E-02 	   2.780337E-02 	  -2.444827E-02 	  -2.419593E-02 	   2.523384E-04
  3.100000E+02 	  -3.779789E+00 	  -3.762208E+00 	  -1.758061E-02 	   2.754400E-02 	  -2.454013E-02 	  -2.427429E-02 	   2.658395E-04
  3.110000E+02 	  -3.804377E+00 	  -3.786523E+00 	  -1.785344E-02 	   2.727117E-02 	  -2.463190E-02 	  -2.435264E-02 	   2.792616E-04
  3.120000E+02 	  -3.829056E+00 	  -3.810917E+00 	  -1.813964E-02 	   2.698496E-02 	  -2.472359E-02 	  -2.443100E-02 	   2.925904E-04
  3.130000E+02 	  -3.853828E+00 	  -3.835388E+00 	  -1.843912E-02 	   2.668548E-02 	  -2.481517E-02 	  -2.450935E-02 	   3.058114E-04
  3.140000E+02 	  -3.878690E+00 	  -3.859939E+00 	  -1.875176E-02 	   2.637285E-02 	  -2.490662E-02 	  -2.458771E-02 	   3.189096E-04
  3.150000E+02 	  -3.903644E+00 	  -3.884567E+00 	  -1.907743E-02 	   2.604718E-02 	  -2.499794E-02 	  -2.466607E-02 	   3.318698E-04
  3.160000E+02 	  -3.928690E+00 	  -3.909274E+00 	  -1.941598E-02 	   2.570863E-02 	  -2.508910E-02 	  -2.474443E-02 	   3.446762E-04
  3.170000E+02 	  -3.953826E+00 	  -3.934059E+00 	  -1.976724E-02 	   2.535736E-02 	  -2.518010E-02 	  -2.482278E-02 	   3.573127E-04
  3.180000E+02 	  -3.979054E+00 	  -3.958923E+00 	  -2.013105E-02 	   2.499356E-02 	  -2.527091E-02 	  -2.490114E-02 	   3.697628E-04
  3.190000E+02 	  -4.004372E+00 	  -3.983865E+00 	  -2.050721E-02 	   2.461740E-02 	  -2.536151E-02 	  -2.497950E-02 	   3.820095E-04
  3.200000E+02 	  -4.029780E+00 	  -4.008885E+00 	  -2.089549E-02 	   2.422911E-02 	  -2.545190E-02 	  -2.505786E-02 	   3.940355E-04
  3.210000E+02 	  -4.055279E+00 	  -4.033983E+00 	  -2.129568E-02 	   2.382892E-02 	  -2.554205E-02 	  -2.513622E-02 	   4.058231E-04
  3.220000E+02 	  -4.080868E+00 	  -4.059160E+00 	  -2.170753E-02 	   2.341708E-02 	  -2.563194E-02 	  -2.521458E-02 	   4.173541E-04
  3.230000E+02 	  -4.106547E+00 	  -4.084416E+00 	  -2.213077E-02 	   2.299384E-02 	  -2.572155E-02 	  -2.529294E-02 	   4.286099E-04
  3.240000E+02 	  -4.132315E+00 	  -4.109750E+00 	  -2.256511E-02 	   2.255950E-02 	  -2.581088E-02 	  -2.537131E-02 	   4.395715E-04
  3.250000E+02 	  -4.158172E+00 	  -4.135162E+00 	  -2.301025E-02 	   2.211436E-02 	  -2.589989E-02 	  -2.544967E-02 	   4.502193E-04
  3.260000E+02 	  -4.184118E+00 	  -4.160652E+00 	  -2.346586E-02 	   2.165875E-02 	  -2.598856E-02 	  -2.552803E-02 	   4.605336E-04
  3.270000E+02 	  -4.210153E+00 	  -4.186221E+00 	  -2.393161E-02 	   2.119300E-02 	  -2.607689E-02 	  -2.560639E-02 	   4.704938E-04
  3.280000E+02 	  -4.236275E+00 	  -4.211868E+00 	  -2.440712E-02 	   2.071748E-02 	  -2.616484E-02 	  -2.568476E-02 	   4.800793E-04
  3.290000E+02 	  -4.262486E+00 	  -4.237594E+00 	  -2.489202E-02 	   2.023259E-02 	  -2.625239E-02 	  -2.576312E-02 	   4.892686E-04
  3.300000E+02 	  -4.288783E+00 	  -4.263398E+00 	  -2.538589E-02 	   1.973872E-02 	  -2.633953E-02 	  -2.584149E-02 	   4.980402E-04
  3.310000E+02 	  -4.315168E+00 	  -4.289280E+00 	  -2.588830E-02 	   1.923631E-02 	  -2.642622E-02 	  -2.591985E-02 	   5.063716E-04
  3.320000E+02 	  -4.341639E+00 	  -4.315240E+00 	  -2.639881E-02 	   1.872580E-02 	  -2.651246E-02 	  -2.599822E-02 	   5.142403E-04
  3.330000E+02 	  -4.368196E+00 	  -4.341279E+00 	  -2.691693E-02 	   1.820768E-02 	  -2.659821E-02 	  -2.607658E-02 	   5.216230E-04
  3.340000E+02 	  -4.394839E+00 	  -4.367397E+00 	  -2.744217E-02 	   1.768243E-02 	  -2.668344E-02 	  -2.615495E-02 	   5.284962E-04
  3.350000E+02 	  -4.421567E+00 	  -4.393593E+00 	  -2.797402E-02 	   1.715059E-02 	  -2.676815E-02 	  -2.623332E-02 	   5.348355E-04
  3.360000E+02 	  -4.448379E+00 	  -4.419867E+00 	  -2.851191E-02 	   1.661270E-02 	  -2.685230E-02 	  -2.631168E-02 	   5.406164E-04
  3.370000E+02 	  -4.475274E+00 	  -4.446219E+00 	  -2.905528E-02 	   1.606933E-02 	  -2.693586E-02 	  -2.639005E-02 	   5.458136E-04
  3.380000E+02 	  -4.502253E+00 	  -4.472650E+00 	  -2.960353E-02 	   1.552108E-02 	  -2.701882E-02 	  -2.646842E-02 	   5.504016E-04
  3.390000E+02 	  -4.529315E+00 	  -4.499159E+00 	  -3.015604E-02 	   1.496856E-02 	  -2.710114E-02 	  -2.654679E-02 	   5.543540E-04
  3.400000E+02 	  -4.556459E+00 	  -4.525747E+00 	  -3.071217E-02 	   1.441244E-02 	  -2.718280E-02 	  -2.662516E-02 	   5.576441E-04
  3.410000E+02 	  -4.583684E+00 	  -4.552413E+00 	  -3.127122E-02 	   1.385339E-02 	  -2.726377E-02 	  -2.670353E-02 	   5.602446E-04
  3.420000E+02 	  -4.610989E+00 	  -4.579157E+00 	  -3.183251E-02 	   1.329210E-02 	  -2.734402E-02 	  -2.678190E-02 	   5.621278E-04
  3.430000E+02 	  -4.638375E+00 	  -4.605980E+00 	  -3.239529E-02 	   1.272932E-02 	  -2.742353E-02 	  -2.686027E-02 	   5.632653E-04
  3.440000E+02 	  -4.665840E+00 	  -4.632881E+00 	  -3.295881E-02 	   1.216580E-02 	  -2.750227E-02 	  -2.693864E-02 	   5.636282E-04
  3.450000E+02 	  -4.693382E+00 	  -4.659860E+00 	  -3.352228E-02 	   1.160233E-02 	  -2.758020E-02 	  -2.701701E-02 	   5.631871E-04
  3.460000E+02 	  -4.721003E+00 	  -4.686918E+00 	  -3.408487E-02 	   1.103974E-02 	  -2.765729E-02 	  -2.709538E-02 	   5.619118E-04
  3.470000E+02 	  -4.748700E+00 	  -4.714054E+00 	  -3.464574E-02 	   1.047887E-02 	  -2.773353E-02 	  -2.717376E-02 	   5.597719E-04
  3.480000E+02 	  -4.776473E+00 	  -4.741269E+00 	  -3.520401E-02 	   9.920597E-03 	  -2.780886E-02 	  -2.725213E-02 	   5.567362E-04
  3.490000E+02 	  -4.804320E+00 	  -4.768562E+00 	  -3.575876E-02 	   9.365845E-03 	  -2.788328E-02 	  -2.733050E-02 	   5.527728E-04
  3.500000E+02 	  -4.832242E+00 	  -4.795933E+00 	  -3.630905E-02 	   8.815553E-03 	  -2.795673E-02 	  -2.740888E-02 	   5.478495E-04
  3.510000E+02 	  -4.860236E+00 	  -4.823383E+00 	  -3.685391E-02 	   8.270699E-03 	  -2.802918E-02 	  -2.748725E-02 	   5.419334E-04
  3.520000E+02 	  -4.888303E+00 	  -4.850911E+00 	  -3.739232E-02 	   7.732292E-03 	  -2.810062E-02 	  -2.756563E-02 	   5.349908E-04
  3.530000E+02 	  -4.916440E+00 	  -4.878517E+00 	  -3.792323E-02 	   7.201376E-03 	  -2.817099E-02 	  -2.764400E-02 	   5.269877E-04
  3.540000E+02 	  -4.944647E+00 	  -4.906202E+00 	  -3.844558E-02 	   6.679031E-03 	  -2.824027E-02 	  -2.772238E-02 	   5.178893E-04
  3.550000E+02 	  -4.972923E+00 	  -4.933965E+00 	  -3.895824E-02 	   6.166369E-03 	  -2.830842E-02 	  -2.780076E-02 	   5.076603E-04
  3.560000E+02 	  -5.001267E+00 	  -4.961806E+00 	  -3.946007E-02 	   5.664541E-03 	  -2.837540E-02 	  -2.787913E-02 	   4.962645E-04
  3.570000E+02 	  -5.029676E+00 	  -4.989726E+00 	  -3.994988E-02 	   5.174732E-03 	  -2.844118E-02 	  -2.795751E-02 	   4.836654E-04
  3.580000E+02 	  -5.058151E+00 	  -5.017725E+00 	  -4.042644E-02 	   4.698164E-03 	  -2.850571E-02 	  -2.803589E-02 	   4.698257E-04
  3.590000E+02 	  -5.086690E+00 	  -5.045801E+00 	  -4.088851E-02 	   4.236098E-03 	  -2.856897E-02 	  -2.811427E-02 	   4.547074E-04
  3.600000E+02 	  -5.115291E+00 	  -5.073956E+00 	  -4.133477E-02 	   3.789833E-03 	  -2.863092E-02 	  -2.819265E-02 	   4.382720E-04
  3.610000E+02 	  -5.143954E+00 	  -5.102190E+00 	  -4.176390E-02 	   3.360706E-03 	  -2.869151E-02 	  -2.827103E-02 	   4.204801E-04
  3.620000E+02 	  -5.172676E+00 	  -5.130502E+00 	  -4.217451E-02 	   2.950094E-03 	  -2.875070E-02 	  -2.834941E-02 	   4.012919E-04
  3.630000E+02 	  -5.201457E+00 	  -5.158892E+00 	  -4.256519E-02 	   2.559415E-03 	  -2.880845E-02 	  -2.842779E-02 	   3.806668E-04
  3.640000E+02 	  -5.230295E+00 	  -5.187360E+00 	  -4.293448E-02 	   2.190126E-03 	  -2.886473E-02 	  -2.850617E-02 	   3.585635E-04
  3.650000E+02 	  -5.259188E+00 	  -5.215907E+00 	  -4.328088E-02 	   1.843729E-03 	  -2.891949E-02 	  -2.858455E-02 	   3.349400E-04
  3.660000E+02 	  -5.288136E+00 	  -5.244533E+00 	  -4.360284E-02 	   1.521764E-03 	  -2.897269E-02 	  -2.866293E-02 	   3.097535E-04
  3.670000E+02 	  -5.317135E+00 	  -5.273236E+00 	  -4.389879E-02 	   1.225819E-03 	  -2.902428E-02 	  -2.874132E-02 	   2.829609E-04
  3.680000E+02 	  -5.346186E+00 	  -5.302019E+00 	  -4.416709E-02 	   9.575212E-04 	  -2.907422E-02 	  -2.881970E-02 	   2.545179E-04
  3.690000E+02 	  -5.375285E+00 	  -5.330879E+00 	  -4.440606E-02 	   7.185450E-04 	  -2.912246E-02 	  -2.889808E-02 	   2.243797E-04
  3.700000E+02 	  -5.404432E+00 	  -5.359818E+00 	  -4.461400E-02 	   5.106091E-04 	  -2.916897E-02 	  -2.897647E-02 	   1.925008E-04
  3.710000E+02 	  -5.433624E+00 	  -5.388835E+00 	  -4.478913E-02 	   3.354782E-04 	  -2.921369E-02 	  -2.905485E-02 	   1.588349E-04
  3.720000E+02 	  -5.462861E+00 	  -5.417931E+00 	  -4.492964E-02 	   1.949637E-04 	  -2.925657E-02 	  -2.913324E-02 	   1.233350E-04
  3.730000E+02 	  -5.492139E+00 	  -5.447105E+00 	  -4.503368E-02 	   9.092434E-05 	  -2.929758E-02 	  -2.921163E-02 	   8.595335E-05
  3.740000E+02 	  -5.521457E+00 	  -5.476357E+00 	  -4.509934E-02 	   2.526718E-05 	  -2.933665E-02 	  -2.929001E-02 	   4.664139E-05
  3.750000E+02 	  -5.550813E+00 	  -5.505688E+00 	  -4.512466E-02 	   5.193063E-08 	  -2.937375E-02 	  -2.936840E-02 	   5.349827E-06
  3.760000E+02 	  -5.580205E+00 	  -5.535097E+00 	  -4.510764E-02 	   1.697260E-05 	  -2.940882E-02 	  -2.944679E-02 	   3.797139E-05
  3.770000E+02 	  -5.609631E+00 	  -5.564585E+00 	  -4.504621E-02 	   7.839683E-05 	  -2.944180E-02 	  -2.952518E-02 	   8.337311E-05
  3.780000E+02 	  -5.639089E+00 	  -5.594151E+00 	  -4.493828E-02 	   1.863281E-04 	  -2.947266E-02 	  -2.960357E-02 	   1.309070E-04
  3.790000E+02 	  -5.668577E+00 	  -5.623795E+00 	  -4.478168E-02 	   3.429256E-04 	  -2.950133E-02 	  -2.968195E-02 	   1.806254E-04
  3.800000E+02 	  -5.698092E+00 	  -5.653518E+00 	  -4.457421E-02 	   5.504018E-04 	  -2.952776E-02 	  -2.976034E-02 	   2.325816E-04
  3.810000E+02 	  -5.727633E+00 	  -5.683319E+00 	  -4.431359E-02 	   8.110223E-04 	  -2.955191E-02 	  -2.983874E-02 	   2.868297E-04
  3.820000E+02 	  -5.757196E+00 	  -5.713199E+00 	  -4.399750E-02 	   1.127108E-03 	  -2.957370E-02 	  -2.991713E-02 	   3.434244E-04
  3.830000E+02 	  -5.786780E+00 	  -5.743157E+00 	  -4.362357E-02 	   1.501033E-03 	  -2.959310E-02 	  -2.999552E-02 	   4.024215E-04
  3.840000E+02 	  -5.816382E+00 	  -5.773193E+00 	  -4.318938E-02 	   1.935231E-03 	  -2.961003E-02 	  -3.007391E-02 	   4.638776E-04
  3.850000E+02 	  -5.846000E+00 	  -5.803308E+00 	  -4.269242E-02 	   2.432189E-03 	  -2.962445E-02 	  -3.015230E-02 	   5.278499E-04
  3.860000E+02 	  -5.875631E+00 	  -5.833501E+00 	  -4.213015E-02 	   2.994455E-03 	  -2.963630E-02 	  -3.023070E-02 	   5.943968E-04
  3.870000E+02 	  -5.905272E+00 	  -5.863772E+00 	  -4.149997E-02 	   3.624633E-03 	  -2.964551E-02 	  -3.030909E-02 	   6.635772E-04
  3.880000E+02 	  -5.934921E+00 	  -5.894122E+00 	  -4.079922E-02 	   4.325389E-03 	  -2.965203E-02 	  -3.038748E-02 	   7.354511E-04
  3.890000E+02 	  -5.964576E+00 	  -5.924550E+00 	  -4.002516E-02 	   5.099446E-03 	  -2.965580E-02 	  -3.046588E-02 	   8.100794E-04
  3.900000E+02 	  -5.994232E+00 	  -5.955057E+00 	  -3.917502E-02 	   5.949593E-03 	  -2.965675E-02 	  -3.054428E-02 	   8.875237E-04
  3.910000E+02 	  -6.023888E+00 	  -5.985642E+00 	  -3.824593E-02 	   6.878676E-03 	  -2.965482E-02 	  -3.062267E-02 	   9.678467E-04
  3.920000E+02 	  -6.053541E+00 	  -6.016306E+00 	  -3.723500E-02 	   7.889608E-03 	  -2.964996E-02 	  -3.070107E-02 	   1.051112E-03
  3.930000E+02 	  -6.083187E+00 	  -6.047047E+00 	  -3.613924E-02 	   8.985365E-03 	  -2.964208E-02 	  -3.077947E-02 	   1.137383E-03
  3.940000E+02 	  -6.112823E+00 	  -6.077868E+00 	  -3.495562E-02 	   1.016899E-02 	  -2.963114E-02 	  -3.085786E-02 	   1.226727E-03
  3.950000E+02 	  -6.142447E+00 	  -6.108766E+00 	  -3.368103E-02 	   1.144358E-02 	  -2.961705E-02 	  -3.093626E-02 	   1.319209E-03
  3.960000E+02 	  -6.172056E+00 	  -6.139743E+00 	  -3.231229E-02 	   1.281232E-02 	  -2.959976E-02 	  -3.101466E-02 	   1.414896E-03
  3.970000E+02 	  -6.201645E+00 	  -6.170799E+00 	  -3.084617E-02 	   1.427844E-02 	  -2.957920E-02 	  -3.109306E-02 	   1.513856E-03
  3.980000E+02 	  -6.231212E+00 	  -6.201933E+00 	  -2.927936E-02 	   1.584525E-02 	  -2.955530E-02 	  -3.117146E-02 	   1.616159E-03
  3.990000E+02 	  -6.260754E+00 	  -6.233145E+00 	  -2.760847E-02 	   1.751614E-02 	  -2.952799E-02 	  -3.124986E-02 	   1.721874E-03
  4.000000E+02 	  -6.290266E+00 	  -6.264436E+00 	  -2.583006E-02 	   1.929455E-02 	  -2.949719E-02 	  -3.132826E-02 	   1.831073E-03
  4.010000E+02 	  -6.319745E+00 	  -6.295805E+00 	  -2.394060E-02 	   2.118401E-02 	  -2.946284E-02 	  -3.140666E-02 	   1.943828E-03
  4.020000E+02 	  -6.349189E+00 	  -6.327252E+00 	  -2.193651E-02 	   2.318810E-02 	  -2.942486E-02 	  -3.148507E-02 	   2.060211E-03
  4.030000E+02 	  -6.378592E+00 	  -6.358778E+00 	  -1.981412E-02 	   2.531049E-02 	  -2.938317E-02 	  -3.156347E-02 	   2.180296E-03
  4.040000E+02 	  -6.407952E+00 	  -6.390382E+00 	  -1.756968E-02 	   2.755493E-02 	  -2.933771E-02 	  -3.164187E-02 	   2.304159E-03
  4.050000E+02 	  -6.437264E+00 	  -6.422065E+00 	  -1.519937E-02 	   2.992523E-02 	  -2.928840E-02 	  -3.172028E-02 	   2.431875E-03
  4.060000E+02 	  -6.466525E+00 	  -6.453826E+00 	  -1.269932E-02 	   3.242529E-02 	  -2.923516E-02 	  -3.179868E-02 	   2.563522E-03
  4.070000E+02 	  -6.495731E+00 	  -6.485666E+00 	  -1.006553E-02 	   3.505907E-02 	  -2.917791E-02 	  -3.187709E-02 	   2.699178E-03
  4.080000E+02 	  -6.524877E+00 	  -6.517584E+00 	  -7.293974E-03 	   3.783063E-02 	  -2.911657E-02 	  -3.195549E-02 	   2.838920E-03
  4.084421E+02 	  -6.537743E+00 	  -6.531720E+00 	  -6.023667E-03 	   3.910094E-02 	  -2.908813E-02 	  -3.199016E-02 	   2.902025E-03
