x[mm] y[mm] z[mm] upward_tri [bool]
42.130 24.324 -589.899 1
82.426 47.589 -589.612 0
122.724 24.320 -589.329 1
82.424 94.122 -589.329 1
164.846 48.640 -588.734 0
124.547 118.441 -588.734 0
164.848 95.175 -588.446 1
124.549 167.085 -588.137 1
206.974 24.321 -588.137 1
205.156 118.447 -587.592 0
247.287 47.591 -587.279 0
164.858 190.362 -587.279 0
247.291 94.129 -586.995 1
205.164 167.096 -586.995 1
164.866 236.911 -586.423 1
287.604 24.323 -586.423 1
289.439 118.460 -585.799 0
247.308 191.432 -585.799 0
329.753 48.649 -585.226 0
207.008 261.250 -585.226 0
289.447 167.112 -585.200 1
247.318 237.982 -584.938 1
329.757 95.193 -584.938 1
207.015 309.910 -584.029 1
371.897 24.325 -584.029 1
329.765 190.390 -583.767 0
370.074 118.467 -583.509 0
287.633 261.260 -583.509 0
329.763 236.933 -582.910 1
370.071 167.117 -582.910 1
412.200 47.597 -582.596 0
247.320 333.178 -582.596 0
287.625 309.903 -582.312 1
412.196 94.139 -582.312 1
247.299 379.689 -581.170 1
452.470 24.323 -581.170 1
412.163 191.424 -581.118 0
371.859 261.232 -581.118 0
454.264 118.448 -580.522 0
329.711 334.181 -580.522 0
412.125 237.941 -580.261 1
454.229 167.078 -579.927 1
371.808 309.835 -579.927 1
494.486 48.635 -579.384 0
289.362 403.920 -579.384 0
329.641 380.637 -579.098 1
494.462 95.159 -579.098 1
452.269 261.118 -578.276 0
494.341 190.272 -577.940 0
411.951 332.976 -577.940 0
289.253 452.384 -577.609 1
536.403 24.308 -577.609 1
534.508 118.368 -577.122 0
369.764 403.714 -577.122 0
494.230 236.734 -577.096 1
452.133 309.649 -577.096 1
411.788 379.341 -576.535 1
534.412 166.948 -576.535 1
576.324 47.535 -575.642 0
329.328 475.344 -575.642 0
576.262 94.007 -575.366 1
369.544 452.055 -575.366 1
535.878 260.820 -574.759 0
493.816 333.674 -574.759 0
575.974 191.074 -574.205 0
453.462 403.272 -574.205 0
535.585 309.220 -573.604 1
493.488 379.887 -573.377 1
575.736 237.429 -573.377 1
617.662 118.169 -573.055 0
411.168 475.827 -573.055 0
453.047 451.415 -572.483 1
617.460 166.642 -572.483 1
