x[mm] y[mm] z[mm] upward_tri [bool]
41.992 24.244 -589.906 1
82.202 47.460 -589.637 0
122.452 24.266 -589.369 1
82.241 93.913 -589.369 1
164.641 48.580 -588.795 0
124.392 118.294 -588.795 0
164.715 95.098 -588.514 1
206.901 24.312 -588.208 1
124.505 167.026 -588.208 1
205.237 118.494 -587.661 0
247.485 47.629 -587.343 0
164.990 190.514 -587.343 0
247.576 94.238 -587.052 1
205.400 167.288 -587.052 1
288.127 24.367 -586.460 1
165.166 237.341 -586.460 1
290.156 118.754 -585.804 0
247.922 191.906 -585.804 0
330.754 48.797 -585.194 0
207.636 262.043 -585.194 0
290.332 167.623 -585.166 1
248.132 238.765 -584.884 1
330.843 95.506 -584.884 1
207.849 311.158 -583.897 1
373.395 24.423 -583.897 1
331.156 191.193 -583.610 0
371.700 118.988 -583.326 0
288.896 262.408 -583.326 0
371.835 167.913 -582.664 1
331.335 238.062 -582.664 1
414.237 47.832 -582.315 0
248.542 334.824 -582.315 0
289.088 311.479 -581.999 1
414.293 94.618 -581.999 1
454.990 24.458 -580.718 1
248.677 381.803 -580.718 1
414.466 192.493 -580.660 0
373.937 262.692 -580.660 0
456.883 119.131 -579.988 0
331.611 336.107 -579.988 0
414.527 239.327 -579.693 1
374.001 311.663 -579.316 1
456.908 168.063 -579.316 1
497.442 48.926 -578.703 0
291.092 406.335 -578.703 0
331.621 382.922 -578.380 1
497.431 95.731 -578.380 1
454.995 262.691 -577.453 0
497.312 191.416 -577.075 0
414.427 334.977 -577.075 0
290.983 455.090 -576.703 1
539.611 24.454 -576.703 1
537.670 119.068 -576.157 0
371.951 406.102 -576.157 0
454.805 311.479 -576.129 1
497.151 238.133 -576.129 1
537.510 167.916 -575.502 1
414.174 381.539 -575.502 1
579.513 47.798 -574.515 0
331.150 477.974 -574.515 0
579.393 94.517 -574.212 1
371.551 454.510 -574.212 1
