x[mm] y[mm] z[mm] upward_tri [bool]
39.998 23.093 0.090 1
78.263 45.186 0.345 0
116.528 23.093 0.600 1
78.263 89.370 0.600 1
156.523 46.184 1.144 0
118.258 112.461 1.144 0
156.522 90.368 1.410 1
196.516 23.092 1.699 1
118.256 158.642 1.699 1
194.781 112.457 2.215 0
234.775 45.183 2.515 0
156.516 180.730 2.515 0
234.773 89.364 2.789 1
194.778 158.637 2.789 1
273.031 23.091 3.346 1
156.512 224.906 3.346 1
274.757 112.451 3.962 0
234.764 181.721 3.962 0
313.012 46.179 4.534 0
196.499 247.987 4.534 0
274.751 158.628 4.560 1
234.757 225.895 4.824 1
313.009 90.358 4.824 1
196.491 294.154 5.748 1
352.990 23.089 5.748 1
312.997 180.709 6.017 0
351.252 112.442 6.283 0
273.004 247.972 6.283 0
351.245 158.615 6.903 1
312.987 224.879 6.903 1
391.229 45.176 7.230 0
234.738 316.227 7.230 0
272.992 294.136 7.526 1
391.225 89.350 7.526 1
429.464 23.086 8.728 1
234.725 360.384 8.728 1
391.208 181.691 8.783 0
352.953 247.951 8.783 0
431.185 112.430 9.414 0
312.960 317.203 9.414 0
391.196 225.857 9.691 1
352.937 294.110 10.046 1
431.176 158.598 10.046 1
469.419 46.170 10.625 0
274.694 383.445 10.625 0
312.943 361.355 10.930 1
469.414 90.339 10.930 1
429.418 247.925 11.808 0
469.394 180.670 12.166 0
391.162 316.173 12.166 0
274.676 429.586 12.520 1
509.370 23.083 12.520 1
507.630 112.416 13.040 0
351.170 383.412 13.040 0
429.399 294.079 13.067 1
469.380 224.831 13.067 1
507.619 158.578 13.666 1
391.142 360.322 13.666 1
547.581 45.164 14.614 0
312.904 451.638 14.614 0
547.576 89.327 14.907 1
351.148 429.551 14.907 1
