x[mm] y[mm] z[mm] upward_tri [bool]
41.895 24.188 -589.911 1
81.996 47.341 -589.659 0
122.087 24.180 -589.411 1
81.984 93.641 -589.411 1
163.919 48.346 -588.888 0
123.828 117.785 -588.888 0
163.895 94.625 -588.637 1
205.725 24.165 -588.366 1
123.790 166.080 -588.366 1
203.891 117.717 -587.889 0
245.694 47.284 -587.616 0
163.796 189.136 -587.615 0
245.658 93.528 -587.368 1
203.827 165.982 -587.368 1
285.625 24.144 -586.869 1
163.722 235.287 -586.869 1
287.303 117.604 -586.326 0
245.499 190.010 -586.326 0
327.228 48.256 -585.828 0
205.405 259.260 -585.828 0
287.207 165.819 -585.806 1
245.381 236.118 -585.578 1
327.174 94.447 -585.578 1
205.263 307.303 -584.789 1
368.764 24.111 -584.789 1
326.951 188.766 -584.561 0
366.877 117.449 -584.336 0
285.152 259.001 -584.336 0
366.743 165.595 -583.818 1
326.781 234.811 -583.818 1
408.397 47.158 -583.546 0
245.038 330.104 -583.546 0
284.941 306.981 -583.299 1
408.324 93.276 -583.299 1
