x[mm] y[mm] z[mm] upward_tri [bool]
40.798 23.555 0.088 1
79.863 46.110 0.336 0
118.928 23.554 0.581 1
79.863 91.218 0.581 1
159.724 47.109 1.096 0
120.659 114.771 1.096 0
159.723 92.216 1.344 1
200.518 23.554 1.610 1
120.657 161.877 1.610 1
198.783 114.768 2.081 0
239.577 46.107 2.352 0
159.718 184.427 2.352 0
239.576 91.213 2.596 1
198.781 161.872 2.596 1
278.636 23.553 3.089 1
159.715 229.529 3.089 1
280.364 114.763 3.626 0
239.569 185.421 3.626 0
319.422 47.105 4.119 0
200.505 253.075 4.119 0
280.360 161.866 4.141 1
239.565 230.521 4.367 1
319.420 92.208 4.367 1
200.499 300.171 5.149 1
360.206 23.552 5.149 1
319.411 184.413 5.375 0
358.470 114.757 5.598 0
278.617 253.066 5.598 0
358.465 161.857 6.113 1
319.405 229.511 6.113 1
399.253 46.102 6.383 0
239.552 322.713 6.383 0
278.610 300.160 6.627 1
399.251 91.203 6.627 1
